0.1525
0.1175
0.135
0.1675
0.1675
0.0975
0.095
0.09
0.0825
0.0775
0.075
0.075
0.0775
0.0775
0.085
0.105
0.11
0.1075
0.1
0.0925
0.0925
0.1075
0.1525
0.3375
0.365
0.3825
0.4225
0.4525
0.47
0.48
0.48
0.4775
0.4775
0.49
0.505
0.5375
0.6025
0.6725
0.705
0.725
0.735
0.7425
0.7525
0.7625
0.77
0.77
0.775
0.7725
0.775
0.7825
0.8025
0.82
0.82
0.81
0.7925
0.785
0.795
0.8125
0.82
0.83
0.8425
0.875
0.8975
0.9075
0.915
0.93
0.9325
0.93
0.91
0.885
0.8625
0.845
0.835
0.845
0.8625
0.8625
0.86
0.8575
0.8575
0.8775
0.8975
0.91
0.925
0.93
0.93
0.9075
0.8925
0.8575
0.845
0.8375
0.8325
0.83
0.8175
0.82
0.7975
0.7925
0.755
0.715
0.69
0.65
0.62
0.6025
0.595
0.595
0.595
0.5975
0.6
0.5975
0.59
0.5875
0.5925
0.5975
0.6025
0.6125
0.6275
0.6775
0.6825
0.67
0.6675
0.66
0.6475
0.6325
0.605
0.5875
0.5575
0.5275
0.4975
0.47
0.4625
0.445
0.435
0.4275
0.4225
0.4175
0.4175
0.445
0.5025
0.525
0.54
0.57
0.5925
0.6175
0.625
0.625
0.6275
0.6275
0.62
0.5975
0.5425
0.515
0.48
0.455
0.4425
0.44
0.43
0.4225
0.4325
0.4325
0.43
0.415
0.405
0.395
0.395
0.3925
0.4
0.4075
0.41
0.4225
0.47
0.525
0.5575
0.5525
0.5425
0.5425
0.5525
0.555
0.57
0.5825
0.5975
0.6025
0.62
0.655
0.695
0.71
0.7225
0.735
0.7525
0.7725
0.8
0.82
0.835
0.855
0.8725
0.8875
0.91
0.9175
0.935
0.9475
0.9575
0.965
0.9675
0.9675
0.9675
0.9675
0.9675
0.9675
0.97
0.965
0.96
0.9675
0.98
0.985
0.9875
0.995
0.9975
1
0.9975
0.9825
0.975
0.9675
0.96
0.955
0.9475
0.9475
0.95
0.9425
0.9375
0.9225
0.9125
0.9
0.885
0.8725
0.87
0.875
0.8825
0.89
0.89
0.885
0.8775
0.87
0.8675
0.8675
0.865
0.865
0.8525
0.845
0.835
0.83
0.8325
0.83
0.8275
0.8275
0.835
0.85
0.8675
0.88
0.885
0.875
0.855
0.825
0.8125
0.805
0.8025
0.81
0.825
0.8425
0.8625
0.8825
0.88
0.8725
0.8525
0.8425
0.8375
0.8375
0.84
0.8225
0.8
0.7375
0.725
0.71
0.6925
0.6825
0.68
0.6775
0.67
0.66
0.6575
0.6625
0.67
0.675
0.6775
0.6825
0.69
0.6975
0.6975
0.7025
0.7
0.7
0.6975
0.6975
0.695
0.6925
0.69
0.6875
0.6875
0.69
0.6925
0.69
0.6775
0.65
0.6325
0.6125
0.5875
0.57
0.555
0.54
0.5275
0.51
0.5025
0.4925
0.5125
0.525
0.5575
0.58
0.5925
0.61
0.625
0.62
0.605
0.5
0.485
0.475
0.46
0.4325
0.4
0.3625
0.345
0.325
0.3
0.275
0.2525
0.235
0.215
0.1975
0.1875
0.1875
0.2
0.2175
0.23
0.235
0.2425
0.245
0.245
0.23
0.2175
0.21
0.1975
0.145
0.11
0.095
0.0825
0.08
0.0825
0.09
0.105
0.145
0.1825
0.2125
0.265
0.29
0.3525
0.395
0.44
0.485
0.5375
0.555
0.58
0.6
0.6175
0.63
0.645
0.6575
0.68
0.695
0.7275
0.7475
0.7675
0.79
0.7975
0.8075
0.8225
0.8275
0.8325
0.835
0.8325
0.815
0.795
0.7775
0.76
0.74
0.73
0.74
0.7575
0.775
0.805
0.825
0.845
0.8675
0.885
0.895
0.9
0.8975
0.8975
0.9025
0.9175
0.9275
0.93
0.93
0.9325
0.935
0.9375
0.945
0.96
0.965
0.965
0.9675
0.9675
0.9625
0.95
0.935
0.9225
0.9075
0.8875
0.875
0.8575
0.835
0.8275
0.8025
0.7675
0.7425
0.7075
0.695
0.68
0.67
0.6575
0.645
0.61
0.585
0.5675
0.5475
0.5075
0.4775
0.4525
0.4325
0.4125
0.405
0.4025
0.3925
0.37
0.355
0.315
0.285
0.2575
0.235
0.2125
0.195
0.1725
0.16
0.1375
0.125
0.0975
0.085
0.07
0.0575
0.05
0.035
0.0225
0.01
0.005
0.0025
0.0025
0.0025
0.0025
0.0075
0.0175
0.0325
0.045
0.06
0.08
0.1125
0.1425
0.16
0.17
0.1825
0.1875
0.1925
0.195
0.1175
0.105
0.095
0.0875
0.0775
0.0725
0.07
0.0775
0.0975
0.11
0.125
0.125
0.1225
0.12
0.1225
0.1225
0.12
0.11
0.1
0.0975
0.0975
0.1025
0.11
0.12
0.125
0.135
0.1425
0.155
0.1675
0.2225
0.2175
0.2175
0.2175
0.2175
0.215
0.22
0.245
0.275
0.3125
0.3575
0.3975
0.4425
0.47
0.49
0.515
0.5575
0.605
0.6475
0.6775
0.6875
0.695
0.71
0.7225
0.73
0.735
0.7325
0.7075
0.6925
0.6825
0.685
0.6925
0.7
0.715
0.7225
0.72
0.7175
0.715
0.7075
0.7075
0.7075
0.7075
0.71
0.72
0.7275
0.7375
0.74
0.7425
0.74
0.7375
0.735
0.73
0.725
0.715
0.7025
0.695
0.6975
0.705
0.7125
0.7175
0.725
0.7275
0.73
0.73
0.7275
0.7375
0.73
0.7225
0.72
0.72
0.7275
0.7325
0.7325
0.73
0.73
0.7325
0.7375
0.74
0.745
0.74
0.7425
0.7375
0.7325
0.73
0.715
0.6875
0.6675
0.6625
0.6575
0.6525
0.6475
0.645
0.6325
0.6125
0.595
0.58
0.5725
0.5675
0.5725
0.585
0.595
0.6025
0.605
0.615
0.625
0.65
0.67
0.6975
0.715
0.73
0.7525
0.77
0.7725
0.7675
0.7575
0.76
0.765
0.77
0.77
0.77
0.77
0.7725
0.78
0.795
0.8375
0.855
0.87
0.8825
0.9025
0.9125
0.9225
0.9275
0.9325
0.935
0.9125
0.87
0.8575
0.845
0.8375
0.835
0.8275
0.8275
0.825
0.8275
0.825
0.835
0.8425
0.83
0.8025
0.775
0.73
0.7
0.6775
0.6375
0.6075
0.58
0.5675
0.555
0.545
0.53
0.5
0.4825
0.44
0.4075
0.3775
0.3525
0.335
0.3275
0.325
0.32
0.31
0.3025
0.3
0.3025
0.305
0.305
0.3
0.29
0.27
0.2525
0.235
0.2225
0.215
0.2075
0.2
0.1975
0.195
0.2
0.1925
0.1875
0.155
0.15
0.1425
0.1375
0.135
0.1325
0.13
0.125
0.11
0.0975
0.0825
0.075
0.0825
0.09
0.0975
0.095
0.08
0.0725
0.0675
0.0625
0.06
0.045
0.035
0.025
0.0225
0.0225
0.0225
0.0225
0.0225
0.0225
0.02
0.0575
0.0825
0.09
0.095
0.1
0.1075
0.11
0.12
0.115
0.0675
0.06
0.055
0.05
0.0475
0.0375
0.0325
0.03
0.0325
0.0375
0.0375
0.0375
0.025
0.02
0.02
0.03
0.04
0.0475
0.055
0.065
0.0725
0.075
0.075
0.0775
0.0875
0.0625
0.05
0.04
0.0375
0.0425
0.055
0.0625
0.075
0.0775
0.0825
0.09
0.105
0.1275
0.15
0.17
0.18
0.2
0.2175
0.255
0.2775
0.3
0.33
0.3475
0.39
0.425
0.4425
0.485
0.5125
0.535
0.545
0.5475
0.55
0.55
0.5575
0.5575
0.555
0.5475
0.545
0.545
0.545
0.55
0.5675
0.585
0.595
0.6
0.605
0.61
0.615
0.61
0.6125
0.6075
0.61
0.61
0.61
0.61
0.6125
0.6125
0.605
0.59
0.575
0.5725
0.57
0.5675
0.565
0.565
0.5625
0.565
0.5675
0.57
0.5625
0.5525
0.5525
0.575
0.6075
0.62
0.63
0.64
0.65
0.6625
0.68
0.6875
0.7025
0.7225
0.735
0.7525
0.775
0.7975
0.815
0.8225
0.8275
0.825
0.82
0.8175
0.815
0.8175
0.8225
0.825
0.835
0.8475
0.86
0.875
0.8925
0.9075
0.9175
0.9225
0.92
0.9075
0.8925
0.88
0.88
0.8925
0.905
0.9175
0.92
0.925
0.9325
0.9375
0.9375
0.9275
0.9075
0.88
0.8575
0.8425
0.8275
0.81
0.7925
0.785
0.7775
0.7675
0.77
0.78
0.7775
0.76
0.745
0.7175
0.7
0.66
0.6275
0.615
0.615
0.62
0.64
0.6625
0.6725
0.685
0.6875
0.685
0.6825
0.67
0.6675
0.665
0.6575
0.6575
0.655
0.65
0.6475
0.6475
0.6525
0.67
0.6725
0.67
0.6675
0.6675
0.6625
0.67
0.6975
0.7075
0.715
0.715
0.715
0.6925
0.66
0.6225
0.595
0.5875
0.59
0.6075
0.62
0.6325
0.6325
0.6225
0.605
0.59
0.575
0.575
0.59
0.595
0.595
0.595
0.5975
0.595
0.595
0.5875
0.58
0.5725
0.565
0.5575
0.545
0.5275
0.515
0.505
0.505
0.5
0.495
0.49
0.485
0.48
0.465
0.4525
0.45
0.45
0.4425
0.4325
0.425
0.42
0.4175
0.42
0.4275
0.435
0.4425
0.4475
0.45
0.455
0.455
0.4475
0.445
0.445
0.44
0.435
0.4225
0.4225
0.4275
0.4375
0.4375
0.42
0.395
0.385
0.385
0.4
0.4125
0.445
0.455
0.465
0.4825
0.4775
0.4725
0.4925
0.525
0.575
0.6
0.62
0.62
0.6225
0.635
0.655
0.6725
0.685
0.7075
0.725
0.73
0.7325
0.7325
0.7225
0.7125
0.6925
0.6275
0.5725
0.52
0.48
0.45
0.4275
0.4175
0.4025
0.3925
0.39
0.39
0.3875
0.3875
0.3875
0.3825
0.3625
0.345
0.3225
0.305
0.28
0.26
0.2475
0.245
0.2525
0.265
0.2675
0.265
0.255
0.245
0.235
0.2325
0.23
0.2425
0.2575
0.27
0.2825
0.2925
0.3025
0.3125
0.3275
0.345
0.365
0.38
0.4325
0.465
0.48
0.5025
0.525
0.545
0.5475
0.55
0.54
0.525
0.5225
0.5375
0.565
0.59
0.6225
0.64
0.655
0.665
0.685
0.71
0.735
0.76
0.785
0.805
0.8225
0.8325
0.8325
0.84
0.845
0.845
0.8375
0.8325
0.8275
0.825
0.8225
0.83
0.8275
0.825
0.8175
0.81
0.8075
0.8225
0.8425
0.8625
0.8825
0.92
0.925
0.925
0.92
0.9
0.885
0.875
0.8725
0.8725
0.8725
0.8725
0.86
0.85
0.8425
0.8375
0.83
0.82
0.815
0.8125
0.8175
0.8175
0.82
0.83
0.845
0.8625
0.875
0.89
0.905
0.92
0.9425
0.955
0.9675
0.97
0.975
0.97
0.9625
0.9625
0.9625
0.9625
0.9625
0.9675
0.9675
0.9675
0.9675
0.9675
0.97
0.9725
0.9775
0.9725
0.9625
0.95
0.93
0.9125
0.895
0.88
0.86
0.8225
0.8
0.775
0.7675
0.755
0.755
0.7575
0.77
0.785
0.795
0.8025
0.8075
0.81
0.8
0.77
0.7275
0.6875
0.66
0.635
0.625
0.6075
0.6
0.595
0.59
0.5825
0.57
0.555
0.54
0.5225
0.51
0.4925
0.4675
0.4575
0.45
0.4475
0.4475
0.4475
0.4475
0.4475
0.4525
0.47
0.4675
0.4525
0.4425
0.4325
0.435
0.4575
0.49
0.5125
0.53
0.535
0.53
0.52
0.5025
0.48
0.445
0.415
0.3875
0.3625
0.34
0.325
0.32
0.3175
0.315
0.2875
0.28
0.2425
0.225
0.21
0.195
0.1825
0.175
0.16
0.15
0.145
0.1475
0.1525
0.165
0.18
0.205
0.235
0.26
0.265
0.265
0.255
0.24
0.2275
0.235
0.2425
0.245
0.265
0.285
0.325
0.3575
0.395
0.41
0.425
0.4375
0.44
0.4325
0.4225
0.4125
0.41
0.415
0.4225
0.4275
0.43
0.4275
0.4375
0.4525
0.495
0.53
0.5575
0.575
0.57
0.575
0.5975
0.605
0.63
0.65
0.6725
0.685
0.7
0.7125
0.725
0.7325
0.745
0.7525
0.765
0.775
0.7775
0.78
0.7825
0.7825
0.7775
0.775
0.775
0.7775
0.7775
0.78
0.785
0.7975
0.81
0.8225
0.825
0.8325
0.8475
0.8775
0.8975
0.9125
0.925
0.9375
0.95
0.9625
0.97
0.9725
0.9725
0.975
0.975
0.9725
0.97
0.955
0.94
0.925
0.915
0.915
0.93
0.935
0.95
0.96
0.965
0.9675
0.97
0.9675
0.9675
0.975
0.975
0.9675
0.945
0.925
0.92
0.925
0.925
0.92
0.91
0.895
0.885
0.88
0.8775
0.8775
0.8925
0.9025
0.91
0.9125
0.9125
0.9075
0.905
0.915
0.9225
0.9275
0.92
0.91
0.905
0.9025
0.9
0.905
0.9075
0.915
0.93
0.9375
0.9425
0.94
0.945
0.94
0.935
0.9175
0.9
0.8925
0.89
0.88
0.8725
0.8675
0.8475
0.845
0.84
0.83
0.82
0.8025
0.7925
0.79
0.79
0.7975
0.8025
0.8
0.7825
0.7525
0.7275
0.7025
0.6775
0.6575
0.6375
0.615
0.585
0.56
0.535
0.52
0.5025
0.485
0.4725
0.4525
0.4275
0.41
0.4
0.4
0.405
0.41
0.415
0.415
0.4175
0.42
0.4275
0.4275
0.415
0.4
0.3875
0.3775
0.375
0.38
0.385
0.4
0.4225
0.43
0.4275
0.425
0.415
0.4125
0.4025
0.3975
0.3875
0.365
0.335
0.315
0.3125
0.31
0.3025
0.2925
0.275
0.255
0.2375
0.2225
0.1975
0.1775
0.165
0.14
0.13
0.125
0.1275
0.1225
0.115
0.11
0.115
0.125
0.135
0.1425
0.135
0.13
0.1325
0.1425
0.165
0.1825
0.1975
0.2175
0.2475
0.2825
0.3175
0.3475
0.375
0.3975
0.41
0.42
0.4225
0.4225
0.4175
0.4
0.39
0.3825
0.3775
0.375
0.375
0.3825
0.39
0.405
0.4225
0.44
0.4525
0.4625
0.4725
0.4875
0.5
0.515
0.5325
0.5425
0.55
0.5575
0.5675
0.57
0.5725
0.59
0.6
0.615
0.635
0.6475
0.6675
0.68
0.6975
0.7075
0.715
0.725
0.7375
0.7475
0.76
0.7625
0.7675
0.7825
0.8
0.8225
0.8525
0.8675
0.88
0.9
0.905
0.92
0.9275
0.9475
0.95
0.945
0.9325
0.9125
0.8825
0.8675
0.855
0.8525
0.84
0.825
0.8225
0.8225
0.825
0.8325
0.8575
0.87
0.8675
0.8675
0.865
0.8675
0.865
0.8625
0.86
0.86
0.86
0.8575
0.86
0.86
0.87
0.8825
0.8875
0.8825
0.865
0.8525
0.835
0.8225
0.795
0.785
0.7675
0.75
0.74
0.7225
0.7025
0.6825
0.66
0.64
0.625
0.6125
0.6025
0.5925
0.5875
0.58
0.5775
0.5825
0.5925
0.595
0.585
0.57
0.5575
0.5475
0.535
0.52
0.5
0.475
0.4475
0.425
0.4225
0.4325
0.4425
0.4375
0.4375
0.4375
0.4375
0.4375
0.43
0.4125
0.3825
0.3475
0.32
0.2875
0.2625
0.225
0.1975
0.18
0.1725
0.165
0.16
0.1475
0.1425
0.135
0.1325
0.1325
0.135
0.1325
0.135
0.135
0.145
0.1525
0.1525
0.1525
0.1525
0.1525
0.1475
0.135
0.125
0.115
0.1075
0.1
0.1025
0.11
0.125
0.135
0.1525
0.1625
0.1625
0.1625
0.1625
0.165
0.1725
0.175
0.1775
0.175
0.1725
0.1825
0.2
0.2075
0.2125
0.22
0.2225
0.2275
0.23
0.23
0.225
0.2175
0.2025
0.185
0.1525
0.1125
0.1075
0.1125
0.1225
0.155
0.175
0.205
0.235
0.2625
0.29
0.3125
0.3275
0.35
0.365
0.38
0.4
0.43
0.455
0.4675
0.48
0.5
0.52
0.54
0.5525
0.56
0.565
0.5625
0.5575
0.5475
0.5375
0.53
0.5225
0.52
0.52
0.5175
0.52
0.54
0.5725
0.61
0.66
0.6775
0.685
0.6925
0.695
0.6975
0.6925
0.6875
0.69
0.6925
0.69
0.6725
0.66
0.65
0.6425
0.6425
0.6425
0.65
0.6575
0.68
0.705
0.725
0.735
0.7325
0.715
0.71
0.705
0.7125
0.7225
0.7175
0.7175
0.7225
0.7225
0.7125
0.71
0.71
0.72
0.7325
0.75
0.775
0.7925
0.8175
0.835
0.8475
0.865
0.885
0.9125
0.915
0.9175
0.92
0.9375
0.9425
0.945
0.945
0.945
0.94
0.925
0.9175
0.91
0.895
0.8875
0.885
0.885
0.8775
0.8725
0.875
0.885
0.905
0.9275
0.9275
0.9275
0.925
0.9175
0.8925
0.87
0.85
0.81
0.7975
0.785
0.77
0.755
0.7475
0.7375
0.73
0.705
0.6925
0.6725
0.65
0.635
0.6225
0.605
0.5975
0.5925
0.5925
0.6025
0.625
0.65
0.675
0.6975
0.7175
0.7275
0.735
0.7425
0.745
0.7425
0.7375
0.7125
0.695
0.6525
0.63
0.6175
0.615
0.61
0.605
0.6
0.5875
0.5775
0.575
0.5725
0.565
0.5575
0.5475
0.545
0.55
0.5625
0.5775
0.5875
0.585
0.58
0.5675
0.555
0.5225
0.4625
0.4175
0.4075
0.3875
0.3575
0.33
0.3075
0.285
0.27
0.25
0.22
0.2
0.185
0.175
0.16
0.1425
0.125
0.1125
0.095
0.0875
0.08
0.0775
0.0775
0.0775
0.0875
0.12
0.16
0.22
0.235
0.2625
0.31
0.335
0.37
0.4075
0.425
0.44
0.45
0.4625
0.47
0.4725
0.465
0.4475
0.4025
0.36
0.325
0.3025
0.27
0.2425
0.2175
0.1975
0.18
0.16
0.1375
0.115
0.1
0.095
0.0925
0.1
0.1125
0.12
0.1175
0.1075
0.0975
0.08
0.0725
0.065
0.0625
0.06
0.065
0.0675
0.0625
0.06
0.0625
0.0775
0.09
0.1075
0.12
0.1475
0.1725
0.195
0.225
0.2575
0.295
0.33
0.375
0.395
0.4275
0.455
0.49
0.51
0.525
0.5425
0.56
0.575
0.59
0.5975
0.6075
0.615
0.6225
0.63
0.6375
0.6425
0.6475
0.6475
0.645
0.63
0.6125
0.5925
0.57
0.555
0.54
0.53
0.5275
0.5275
0.525
0.525
0.525
0.525
0.525
0.525
0.525
0.535
0.555
0.5775
0.6175
0.6275
0.6325
0.64
0.6325
0.615
0.605
0.5925
0.5875
0.5925
0.61
0.635
0.6675
0.6875
0.72
0.7325
0.7475
0.755
0.7575
0.76
0.7575
0.7575
0.755
0.7575
0.76
0.7725
0.7925
0.8125
0.8325
0.85
0.865
0.8825
0.9
0.9175
0.925
0.93
0.9375
0.9375
0.935
0.9325
0.9325
0.9275
0.9075
0.8875
0.8725
0.8625
0.8575
0.8525
0.85
0.8525
0.86
0.885
0.9025
0.9175
0.93
0.935
0.9375
0.9325
0.895
0.85
0.8225
0.8
0.7725
0.76
0.7475
0.735
0.72
0.705
0.6975
0.6875
0.6775
0.6625
0.6525
0.64
0.63
0.625
0.62
0.625
0.6225
0.6225
0.615
0.615
0.615
0.6175
0.625
0.635
0.6525
0.6775
0.705
0.71
0.7175
0.7375
0.77
0.7925
0.8225
0.845
0.8725
0.8825
0.8925
0.9
0.9
0.895
0.895
0.8925
0.885
0.885
0.8825
0.8775
0.8675
0.86
0.8525
0.8375
0.825
0.805
0.795
0.7875
0.785
0.7825
0.7775
0.7675
0.745
0.7175
0.685
0.64
0.61
0.58
0.55
0.525
0.5075
0.475
0.4425
0.4
0.375
0.3525
0.3375
0.3425
0.3475
0.35
0.35
0.3475
0.3325
0.3225
0.32
0.315
0.3025
0.2825
0.28
0.2675
0.2625
0.2575
0.26
0.265
0.275
0.28
0.285
0.2975
0.3225
0.3475
0.375
0.3925
0.4025
0.4025
0.3925
0.3775
0.37
0.37
0.38
0.39
0.39
0.345
0.3175
0.2925
0.275
0.27
0.27
0.275
0.2825
0.295
0.3125
0.325
0.345
0.3325
0.335
0.335
0.3675
0.4775
0.5125
0.5375
0.5525
0.5825
0.605
0.6425
0.6725
0.6975
0.7225
0.7475
0.765
0.78
0.79
0.7975
0.7975
0.8
0.8075
0.8225
0.8425
0.86
0.8775
0.8875
0.8975
0.9075
0.915
0.9175
0.9075
0.8975
0.885
0.875
0.87
0.855
0.82
0.7625
0.725
0.7075
0.6725
0.6525
0.5925
0.54
0.4975
0.4675
0.4525
0.4425
0.4375
0.4325
0.4275
0.415
0.4025
0.385
0.38
0.37
0.3575
0.35
0.345
0.34
0.335
0.335
0.325
0.3175
0.31
0.3025
0.295
0.2875
0.2825
0.27
0.2575
0.235
0.205
0.1825
0.17
0.1525
0.145
0.1425
0.1625
0.175
0.185
0.1925
0.1975
0.2025
0.205
0.2075
0.215
0.2375
0.2325
0.2225
0.2175
0.2125
0.2125
0.2175
0.2175
0.2125
0.2075
0.21
0.2175
0.22
0.2375
0.25
0.255
0.255
0.2475
0.2375
0.225
0.2225
0.235
0.2725
0.3275
0.3825
0.425
0.4525
0.4675
0.4725
0.4775
0.4775
0.47
0.46
0.4475
0.435
0.42
0.4075
0.395
0.395
0.3925
0.385
0.3675
0.345
0.3325
0.345
0.375
0.4225
0.4725
0.505
0.525
0.5425
0.5675
0.58
0.595
0.61
0.6275
0.65
0.66
0.6575
0.6525
0.635
0.6375
0.65
0.6825
0.72
0.75
0.765
0.785
0.7925
0.8025
0.81
0.82
0.8475
0.8625
0.8725
0.8875
0.895
0.905
0.9175
0.92
0.92
0.9275
0.9325
0.9375
0.935
0.925
0.9025
0.88
0.8575
0.8375
0.825
0.81
0.795
0.785
0.77
0.7425
0.72
0.6975
0.675
0.655
0.6325
0.6125
0.6
0.5975
0.5975
0.5925
0.5825
0.565
0.555
0.535
0.5275
0.52
0.51
0.5025
0.5025
0.4975
0.4875
0.4625
0.45
0.4375
0.42
0.41
0.395
0.3775
0.3625
0.3475
0.335
0.3175
0.305
0.2975
0.2825
0.255
0.235
0.23
0.235
0.2375
0.25
0.26
0.275
0.2875
0.3025
0.315
0.3275
0.335
0.3375
0.34
0.3425
0.35
0.3675
0.37
0.3525
0.325
0.2975
0.285
0.2775
0.265
0.2525
0.235
0.2225
0.19
0.16
0.155
0.1475
0.14
0.13
0.115
0.105
0.09
0.08
0.0775
0.0775
0.08
0.0775
0.0775
0.08
0.0875
0.1025
0.1125
0.11
0.1075
0.1075
0.115
0.1325
0.1475
0.19
0.21
0.2425
0.2575
0.2875
0.3225
0.36
0.4
0.4275
0.4475
0.455
0.455
0.4575
0.4575
0.465
0.48
0.495
0.5075
0.535
0.5675
0.5875
0.6125
0.6425
0.665
0.695
0.71
0.7325
0.74
0.745
0.74
0.7325
0.7325
0.74
0.75
0.765
0.775
0.8025
0.815
0.8325
0.8525
0.8675
0.8825
0.8875
0.89
0.8875
0.8875
0.895
0.9025
0.905
0.9025
0.8975
0.885
0.88
0.875
0.8725
0.8725
0.875
0.885
0.8925
0.895
0.9025
0.9275
0.9325
0.9375
0.94
0.9475
0.95
0.95
0.95
0.9475
0.95
0.9525
0.965
0.98
0.9925
0.9875
0.98
0.96
0.935
0.915
0.905
0.905
0.905
0.915
0.9175
0.8975
0.875
0.86
0.835
0.825
0.8175
0.8175
0.8275
0.86
0.8925
0.91
0.93
0.94
0.955
0.9625
0.96
0.9275
0.88
0.8575
0.84
0.835
0.8325
0.835
0.825
0.81
0.795
0.7825
0.7725
0.755
0.7375
0.73
0.7175
0.705
0.695
0.685
0.6825
0.68
0.68
0.68
0.69
0.7025
0.715
0.73
0.7475
0.7575
0.765
0.765
0.7675
0.765
0.76
0.7475
0.7375
0.735
0.735
0.735
0.735
0.74
0.745
0.7575
0.7725
0.8025
0.8175
0.8375
0.8475
0.8375
0.7975
0.7825
0.77
0.7575
0.745
0.73
0.7125
0.69
0.665
0.64
0.625
0.6075
0.6025
0.595
0.59
0.575
0.575
0.575
0.575
0.575
0.575
0.575
0.575
0.575
0.575
0.575
0.575
0.575
0.575
0.575
0.575
0.575
0.575
0.575
0.575
0.575
0.575
0.58
0.5775
0.5725
0.57
0.57
0.57
0.57
0.57
0.57
0.57
0.57
0.57
0.57
0.57
0.57
0.57
0.57
0.57
0.57
0.57
0.57
0.57
0.57
0.5725
0.5725
0.575
0.575
0.575
0.575
0.575
0.575
0.575
0.5775
0.5825
0.59
0.595
0.5975
0.595
0.5925
0.59
0.59
0.595
0.5975
0.5975
0.5975
0.6
0.6
0.595
0.59
0.5875
0.585
0.5825
0.5925
0.6
0.6025
0.6
0.59
0.59
0.5875
0.5875
0.585
0.5825
0.5825
0.5825
0.5825
0.5825
0.59
0.5925
0.595
0.59
0.585
0.585
0.585
0.5825
0.5825
0.5825
0.5825
0.5825
0.5825
0.585
0.5825
0.5825
0.5825
0.5825
0.5825
0.5825
0.5825
0.5825
0.5875
0.59
0.6
0.6075
0.6075
0.6025
0.5975
0.595
0.5975
0.5975
0.5975
0.5975
0.6
0.6025
0.6025
0.605
0.605
0.605
0.6025
0.6
0.6
0.615
0.645
0.6475
0.645
0.6425
0.6425
0.65
0.665
0.6725
0.6775
0.68
0.685
0.685
0.6875
0.6875
0.7025
0.715
0.7125
0.705
0.675
0.66
0.6275
0.61
0.605
0.6125
0.635
0.645
0.6475
0.6475
0.6475
0.6475
0.65
0.6575
0.6675
0.675
0.675
0.6775
0.675
0.675
0.6725
0.6775
0.6875
0.71
0.7375
0.7625
0.78
0.7875
0.7975
0.81
0.8175
0.8175
0.8275
0.835
0.8575
0.8775
0.8875
0.905
0.9175
0.93
0.945
0.9525
0.965
0.9675
0.96
0.9575
0.955
0.9575
0.96
0.96
0.965
0.965
0.965
0.9625
0.96
0.95
0.9425
0.9375
0.925
0.9175
0.9125
0.915
0.91
0.9025
0.895
0.8875
0.8775
0.8725
0.865
0.8475
0.8375
0.82
0.8075
0.7875
0.77
0.7425
0.7075
0.675
0.6425
0.615
0.5925
0.575
0.56
0.54
0.5275
0.515
0.5125
0.5125
0.5125
0.5075
0.5
0.49
0.4775
0.465
0.455
0.455
0.45
0.4475
0.44
0.43
0.42
0.4075
0.3925
0.3725
0.3575
0.345
0.3275
0.3025
0.2975
0.305
0.3275
0.3425
0.4275
0.435
0.445
0.4425
0.44
0.43
0.42
0.4175
0.4225
0.44
0.4825
0.565
0.5775
0.5825
0.595
0.6125
0.6275
0.6425
0.655
0.66
0.6725
0.6825
0.685
0.685
0.6825
0.69
0.7075
0.725
0.7425
0.7525
0.7725
0.785
0.8
0.8075
0.8225
0.83
0.84
0.8475
0.8675
0.8775
0.88
0.885
0.88
0.87
0.86
0.85
0.855
0.8575
0.8625
0.8625
0.87
0.8725
0.8775
0.89
0.9075
0.92
0.93
0.9375
0.95
0.965
0.9725
0.9725
0.9725
0.97
0.97
0.97
0.97
0.9725
0.975
0.9775
0.98
0.98
0.975
0.975
0.975
0.975
0.9725
0.97
0.975
0.975
0.9775
0.9775
0.975
0.9675
0.955
0.945
0.9475
0.96
0.9775
0.9725
0.9575
0.9425
0.9275
0.9175
0.9025
0.88
0.865
0.84
0.8275
0.8175
0.8225
0.8225
0.8325
0.8325
0.8425
0.835
0.8275
0.825
0.8275
0.83
0.835
0.845
0.86
0.8825
0.905
0.9175
0.9075
0.8875
0.8925
0.9025
0.9
0.8925
0.895
0.895
0.8975
0.89
0.865
0.8425
0.8225
0.8025
0.785
0.77
0.755
0.7475
0.74
0.7375
0.735
0.73
0.7275
0.725
0.72
0.71
0.695
0.6725
0.655
0.6375
0.6175
0.5975
0.585
0.5675
0.545
0.535
0.52
0.5
0.4825
0.4625
0.4475
0.435
0.43
0.4275
0.4175
0.4125
0.4
0.39
0.3825
0.3725
0.3625
0.3475
0.3325
0.3275
0.32
0.3075
0.3
0.29
0.28
0.2625
0.2475
0.23
0.2125
0.205
0.225
0.2375
0.2425
0.2525
0.265
0.2925
0.3125
0.3275
0.3
0.27
0.2475
0.2225
0.21
0.2075
0.2175
0.2375
0.2575
0.2675
0.3075
0.3375
0.36
0.38
0.4075
0.4525
0.4775
0.4975
0.5125
0.515
0.51
0.5125
0.52
0.545
0.5675
0.5825
0.6025
0.615
0.6275
0.645
0.6725
0.685
0.71
0.7275
0.7375
0.74
0.7375
0.7375
0.74
0.7425
0.75
0.77
0.785
0.805
0.8175
0.82
0.8075
0.8025
0.7875
0.7675
0.7625
0.7575
0.77
0.7775
0.7875
0.795
0.8175
0.8325
0.8475
0.8675
0.8825
0.8975
0.9
0.905
0.905
0.905
0.9025
0.895
0.88
0.8375
0.825
0.8275
0.8375
0.84
0.8525
0.8725
0.8925
0.8975
0.9
0.8975
0.9
0.8975
0.8925
0.88
0.8625
0.8075
0.7675
0.76
0.74
0.715
0.6975
0.665
0.6275
0.5975
0.5875
0.5675
0.535
0.5075
0.47
0.4325
0.395
0.3825
0.3725
0.3675
0.36
0.35
0.34
0.3275
0.315
0.305
0.2925
0.2875
0.2825
0.275
0.26
0.235
0.21
0.195
0.1875
0.18
0.1675
0.155
0.1425
0.13
0.1175
0.11
0.1
0.0875
0.0725
0.0625
0.06
0.06
0.0625
0.06
0.0525
0.04
0.0325
0.025
0.0225
0.0175
0.0175
0.02
0.04
0.0525
0.0625
0.065
0.0675
0.0675
0.0725
0.08
0.0875
0.1
0.11
0.1125
0.1125
0.115
0.115
0.12
0.12
0.115
0.115
0.12
0.125
0.13
0.1325
0.135
0.14
0.145
0.155
0.1575
0.1575
0.1575
0.1625
0.1575
0.1425
0.125
0.1075
0.085
0.0725
0.065
0.07
0.0775
0.0925
0.1125
0.1325
0.15
0.175
0.1925
0.21
0.235
0.2375
0.2325
0.225
0.225
0.2275
0.23
0.2425
0.2475
0.25
0.2525
0.2525
0.2575
0.26
0.2575
0.25
0.245
0.245
0.26
0.2775
0.3
0.325
0.36
0.395
0.425
0.4525
0.4775
0.49
0.495
0.495
0.4975
0.505
0.515
0.52
0.5225
0.52
0.5225
0.5325
0.5425
0.5625
0.585
0.6075
0.63
0.6525
0.6675
0.6875
0.7125
0.74
0.765
0.7775
0.7975
0.82
0.84
0.8575
0.8725
0.8825
0.895
0.9075
0.915
0.9225
0.935
0.95
0.96
0.9625
0.965
0.9625
0.9575
0.9525
0.945
0.94
0.9375
0.935
0.9325
0.9275
0.935
0.94
0.95
0.9575
0.99
0.995
1
1
0.9925
0.97
0.9475
0.9375
0.9375
0.94
0.9425
0.945
0.95
0.9325
0.9175
0.92
0.9275
0.93
0.93
0.925
0.9125
0.8975
0.895
0.9
0.91
0.9175
0.875
0.835
0.805
0.7775
0.75
0.7275
0.695
0.675
0.66
0.6525
0.645
0.6425
0.625
0.61
0.6
0.5875
0.575
0.56
0.5525
0.555
0.5825
0.605
0.635
0.6525
0.68
0.72
0.75
0.79
0.82
0.8525
0.8725
0.8825
0.8825
0.8825
0.8775
0.87
0.86
0.845
0.8325
0.825
0.805
0.7675
0.7175
0.685
0.635
0.585
0.555
0.495
0.4525
0.4125
0.3925
0.3675
0.3475
0.325
0.305
0.2925
0.2825
0.2675
0.2475
0.24
0.2375
0.24
0.2475
0.25
0.26
0.26
0.2575
0.265
0.275
0.2875
0.2925
0.295
0.285
0.2625
0.235
0.2125
0.1975
0.18
0.1725
0.16
0.1475
0.135
0.1275
0.1375
0.145
0.155
0.1575
0.145
0.1325
0.1225
0.1225
0.1225
0.13
0.135
0.14
0.14
0.135
0.1325
0.13
0.1225
0.11
0.0975
0.0875
0.0825
0.0775
0.08
0.0825
0.0875
0.09
0.0975
0.1175
0.13
0.155
0.1875
0.22
0.2375
0.285
0.31
0.3575
0.38
0.415
0.4475
0.475
0.495
0.51
0.515
0.5225
0.525
0.5275
0.5275
0.5375
0.5675
0.6
0.615
0.6325
0.645
0.6525
0.66
0.6625
0.6375
0.6075
0.585
0.565
0.55
0.545
0.545
0.5475
0.55
0.56
0.57
0.595
0.6625
0.6825
0.6975
0.72
0.74
0.77
0.7875
0.805
0.825
0.84
0.8475
0.8575
0.8675
0.88
0.8925
0.9075
0.9175
0.93
0.93
0.9275
0.9325
0.935
0.935
0.93
0.9125
0.8925
0.88
0.8625
0.86
0.86
0.8675
0.8675
0.8775
0.8775
0.8725
0.8675
0.8675
0.8625
0.85
0.8425
0.835
0.8325
0.8325
0.835
0.835
0.8325
0.8325
0.8325
0.8325
0.835
0.8375
0.8375
0.8375
0.8375
0.835
0.835
0.835
0.835
0.8325
0.8325
0.8325
0.8325
0.8325
0.83
0.83
0.83
0.83
0.83
0.8275
0.8275
0.8275
0.8275
0.8275
0.8275
0.83
0.8275
0.8275
0.83
0.83
0.83
0.825
0.8175
0.8175
0.815
0.8175
0.82
0.8225
0.83
0.8425
0.8625
0.88
0.895
0.9175
0.9475
0.97
0.985
0.9675
0.94
0.895
0.87
0.8375
0.78
0.7675
0.7575
0.7525
0.7425
0.7275
0.715
0.695
0.6775
0.665
0.6525
0.64
0.6175
0.605
0.59
0.5725
0.565
0.5375
0.515
0.495
0.485
0.4775
0.475
0.4775
0.48
0.495
0.4975
0.505
0.5025
0.5025
0.5
0.49
0.475
0.4625
0.455
0.4425
0.4475
0.455
0.4525
0.44
0.4425
0.44
0.44
0.4425
0.45
0.465
0.4825
0.4975
0.5075
0.5225
0.545
0.555
0.5675
0.5775
0.5825
0.5875
0.595
0.6025
0.6075
0.6075
0.5975
0.5825
0.5725
0.5675
0.56
0.545
0.525
0.51
0.5025
0.5025
0.5025
0.4975
0.49
0.4875
0.4825
0.48
0.475
0.465
0.4625
0.4575
0.4525
0.4525
0.4575
0.4575
0.4525
0.4525
0.45
0.44
0.4525
0.4625
0.485
0.515
0.5475
0.58
0.6175
0.6375
0.655
0.6625
0.6725
0.69
0.7125
0.7325
0.74
0.755
0.775
0.7925
0.805
0.81
0.84
0.8525
0.8675
0.8625
0.845
0.8175
0.8025
0.7875
0.775
0.77
0.7975
0.81
0.82
0.8225
0.825
0.825
0.8125
0.8
0.7975
0.8025
0.8075
0.82
0.8275
0.84
0.845
0.8625
0.88
0.8975
0.9175
0.93
0.9375
0.955
0.96
0.9675
0.975
0.98
0.98
0.9775
0.9725
0.97
0.97
0.97
0.97
0.9725
0.975
0.975
0.97
0.9725
0.9725
0.9725
0.9725
0.98
0.9775
0.975
0.975
0.9725
0.9775
0.9825
0.98
0.9725
0.9675
0.97
0.9725
0.9725
0.9725
0.9675
0.9575
0.9375
0.925
0.9175
0.9175
0.9125
0.9175
0.92
0.92
0.925
0.925
0.9225
0.9
0.8775
0.855
0.825
0.8
0.765
0.7375
0.685
0.655
0.6275
0.61
0.5875
0.5675
0.5475
0.53
0.5175
0.505
0.49
0.4725
0.4475
0.4225
0.395
0.36
0.3275
0.3
0.2725
0.2575
0.235
0.2075
0.175
0.165
0.155
0.1525
0.155
0.1425
0.1275
0.1175
0.1125
0.115
0.13
0.1475
0.1775
0.2
0.225
0.245
0.2575
0.2625
0.26
0.25
0.2425
0.2325
0.2225
0.2175
0.215
0.2125
0.21
0.2125
0.215
0.2175
0.22
0.215
0.2075
0.205
0.205
0.2
0.2125
0.2375
0.2575
0.265
0.2775
0.2775
0.26
0.2275
0.1875
0.155
0.1325
0.11
0.1025
0.1025
0.1175
0.1425
0.185
0.215
0.255
0.285
0.3075
0.3275
0.345
0.355
0.35
0.335
0.295
0.28
0.24
0.2025
0.175
0.1525
0.1375
0.14
0.1575
0.18
0.24
0.31
0.37
0.4075
0.4325
0.4525
0.475
0.5025
0.5325
0.555
0.585
0.6125
0.6275
0.655
0.67
0.68
0.695
0.715
0.7325
0.7375
0.735
0.7325
0.735
0.7425
0.7575
0.785
0.795
0.8075
0.82
0.84
0.84
0.825
0.815
0.805
0.8025
0.7875
0.7875
0.79
0.7975
0.8225
0.8275
0.815
0.8075
0.8025
0.805
0.8175
0.8375
0.8525
0.89
0.8975
0.905
0.9125
0.9175
0.9175
0.9175
0.9225
0.9275
0.94
0.9525
0.965
0.9725
0.9675
0.9425
0.925
0.905
0.8975
0.89
0.8925
0.8975
0.9025
0.9075
0.9125
0.915
0.915
0.9075
0.8975
0.89
0.88
0.8725
0.865
0.86
0.855
0.84
0.82
0.79
0.75
0.735
0.72
0.7075
0.675
0.655
0.6175
0.5875
0.5725
0.5425
0.5175
0.485
0.46
0.4175
0.3975
0.3575
0.33
0.31
0.2975
0.29
0.2825
0.28
0.2775
0.2775
0.28
0.2775
0.2725
0.27
0.255
0.2425
0.235
0.2325
0.2275
0.225
0.2225
0.2225
0.23
0.245
0.2475
0.23
0.2225
0.2125
0.205
0.2025
0.1975
0.205
0.2225
0.2525
0.2775
0.2925
0.3175
0.335
0.34
0.3375
0.3225
0.3075
0.29
0.2775
0.28
0.285
0.295
0.305
0.32
0.325
0.3225
0.3225
0.3225
0.3175
0.3
0.2825
0.275
0.2675
0.2675
0.265
0.23
0.205
0.1675
0.1425
0.14
0.1475
0.1425
0.12
0.0925
0.0625
0.0575
0.0525
0.055
0.05
0.04
0.0325
0.0325
0.0325
0.0325
0.0425
0.045
0.055
0.06
0.07
0.09
0.1125
0.17
0.22
0.2675
0.315
0.35
0.39
0.4275
0.45
0.48
0.505
0.5275
0.5525
0.575
0.5925
0.615
0.635
0.65
0.655
0.6575
0.6575
0.6575
0.6625
0.67
0.675
0.6825
0.6875
0.69
0.6925
0.6975
0.705
0.7075
0.715
0.72
0.7325
0.7425
0.7625
0.7725
0.7875
0.795
0.805
0.82
0.835
0.84
0.85
0.8725
0.8925
0.91
0.925
0.945
0.9525
0.9575
0.96
0.9625
0.9575
0.955
0.94
0.94
0.945
0.955
0.955
0.95
0.9425
0.93
0.9175
0.915
0.91
0.9025
0.89
0.875
0.8625
0.85
0.8475
0.8525
0.86
0.87
0.875
0.8825
0.8725
0.865
0.855
0.8475
0.845
0.82
0.8
0.7775
0.7575
0.7125
0.6925
0.67
0.65
0.625
0.6
0.59
0.5925
0.595
0.59
0.585
0.5925
0.595
0.6
0.605
0.61
0.6125
0.615
0.615
0.6175
0.62
0.6275
0.635
0.6375
0.63
0.6275
0.6275
0.63
0.6325
0.6375
0.6425
0.6475
0.655
0.67
0.6775
0.675
0.6675
0.655
0.645
0.64
0.625
0.61
0.5775
0.545
0.5125
0.4875
0.47
0.4575
0.4425
0.435
0.4225
0.4125
0.4025
0.3975
0.4025
0.4125
0.4175
0.4125
0.3875
0.38
0.3775
0.3725
0.37
0.3675
0.355
0.3475
0.3425
0.3375
0.34
0.3375
0.335
0.33
0.3275
0.325
0.3325
0.3375
0.3425
0.355
0.355
0.345
0.3275
0.3
0.2675
0.2425
0.2225
0.205
0.1925
0.1825
0.1725
0.1675
0.1725
0.185
0.1975
0.2
0.1925
0.19
0.175
0.1675
0.145
0.14
0.11
0.1025
0.0975
0.095
0.0925
0.095
0.1
0.0925
0.08
0.0775
0.0875
0.09
0.08
0.0725
0.0725
0.0775
0.0925
0.11
0.1275
0.1375
0.15
0.1775
0.1975
0.215
0.2325
0.2425
0.255
0.27
0.2775
0.29
0.295
0.3
0.305
0.32
0.33
0.3375
0.345
0.35
0.355
0.3575
0.355
0.35
0.3425
0.32
0.3025
0.2825
0.2475
0.23
0.2275
0.235
0.245
0.2525
0.2525
0.2325
0.2
0.1575
0.12
0.105
0.105
0.105
0.105
0.0975
0.09
0.0775
0.07
0.0675
0.0675
0.0775
0.125
0.1725
0.2225
0.275
0.32
0.365
0.4125
0.445
0.4925
0.535
0.5675
0.6025
0.6375
0.6725
0.6925
0.735
0.7475
0.7575
0.76
0.7675
0.7725
0.78
0.785
0.8075
0.8275
0.86
0.865
0.8725
0.8825
0.88
0.8725
0.8625
0.8575
0.8475
0.8425
0.84
0.8425
0.85
0.8575
0.8525
0.8375
0.8125
0.805
0.815
0.8375
0.87
0.89
0.935
0.945
0.9525
0.9575
0.9625
0.965
0.9625
0.965
0.965
0.9575
0.945
0.9325
0.925
0.9275
0.92
0.9075
0.8925
0.8775
0.865
0.8525
0.8225
0.8075
0.775
0.7525
0.725
0.7025
0.685
0.6725
0.67
0.69
0.695
0.71
0.72
0.725
0.7375
0.74
0.7425
0.7425
0.755
0.78
0.8
0.8225
0.84
0.85
0.875
0.88
0.89
0.885
0.8775
0.84
0.8175
0.8
0.785
0.755
0.73
0.7075
0.685
0.66
0.6375
0.6025
0.575
0.55
0.5225
0.505
0.4825
0.4625
0.4425
0.42
0.4075
0.4
0.3875
0.3775
0.3725
0.37
0.38
0.3925
0.4125
0.4225
0.4325
0.43
0.43
0.4275
0.4275
0.4325
0.44
0.445
0.4525
0.4725
0.4875
0.4975
0.4975
0.495
0.4675
0.4375
0.405
0.385
0.3475
0.3275
0.325
0.325
0.3275
0.325
0.3225
0.315
0.3075
0.295
0.29
0.2825
0.2775
0.265
0.2575
0.2425
0.215
0.205
0.195
0.185
0.1775
0.1725
0.1725
0.1725
0.17
0.1675
0.17
0.17
0.1675
0.165
0.155
0.1475
0.14
0.1375
0.13
0.1275
0.1375
0.1425
0.1475
0.15
0.1475
0.1425
0.1375
0.1425
0.145
0.1525
0.1475
0.1475
0.1475
0.15
0.1525
0.155
0.1575
0.1575
0.1625
0.165
0.1725
0.1825
0.1875
0.1925
0.195
0.2
0.19
0.1775
0.1525
0.14
0.135
0.135
0.14
0.155
0.16
0.1625
0.1625
0.165
0.165
0.1675
0.1725
0.18
0.1875
0.19
0.185
0.1825
0.195
0.2
0.1975
0.1825
0.165
0.155
0.13
0.12
0.1075
0.0925
0.0825
0.0625
0.05
0.0375
0.04
0.0475
0.0725
0.0975
0.115
0.13
0.135
0.135
0.145
0.155
0.1675
0.1775
0.1825
0.185
0.195
0.215
0.24
0.255
0.265
0.27
0.2825
0.3125
0.365
0.39
0.4175
0.4375
0.45
0.46
0.47
0.5025
0.51
0.5175
0.525
0.5475
0.5625
0.5825
0.6
0.61
0.62
0.6225
0.6275
0.625
0.62
0.6075
0.6025
0.605
0.615
0.6325
0.6475
0.65
0.6625
0.6775
0.6975
0.72
0.7275
0.7425
0.7475
0.745
0.7425
0.7425
0.7425
0.7425
0.74
0.7475
0.7575
0.77
0.78
0.79
0.7975
0.8025
0.805
0.8125
0.815
0.82
0.8225
0.8275
0.83
0.835
0.8375
0.85
0.8625
0.8775
0.885
0.875
0.8625
0.8475
0.8325
0.805
0.7725
0.75
0.7525
0.7725
0.7875
0.805
0.8175
0.8225
0.83
0.8375
0.8375
0.835
0.8275
0.8225
0.8275
0.835
0.84
0.84
0.8375
0.8175
0.805
0.79
0.7975
0.82
0.8425
0.865
0.88
0.8975
0.91
0.9075
0.9
0.9
0.91
0.91
0.905
0.8875
0.88
0.88
0.8925
0.9075
0.91
0.905
0.9025
0.9025
0.9025
0.9025
0.9
0.8925
0.885
0.875
0.87
0.8675
0.865
0.8625
0.86
0.8575
0.8625
0.8675
0.87
0.8675
0.8675
0.865
0.86
0.8425
0.825
0.8075
0.7925
0.785
0.7725
0.76
0.7425
0.735
0.72
0.7125
0.705
0.7
0.6975
0.695
0.6925
0.69
0.69
0.69
0.6925
0.7025
0.705
0.7025
0.7
0.7
0.6975
0.6975
0.695
0.695
0.695
0.695
0.695
0.6975
0.695
0.6925
0.6825
0.68
0.68
0.6775
0.67
0.65
0.6325
0.6
0.57
0.5525
0.5375
0.5275
0.535
0.54
0.535
0.53
0.5375
0.5425
0.5275
0.5175
0.4975
0.495
0.49
0.4925
0.495
0.5
0.5125
0.52
0.52
0.52
0.5225
0.5225
0.5225
0.525
0.5275
0.53
0.5325
0.53
0.5275
0.5225
0.5225
0.5175
0.5075
0.4975
0.4825
0.48
0.49
0.4925
0.4925
0.4925
0.4925
0.485
0.48
0.4775
0.4725
0.475
0.485
0.4925
0.5075
0.52
0.53
0.5375
0.545
0.5525
0.555
0.5525
0.5475
0.545
0.545
0.545
0.545
0.545
0.545
0.5525
0.5675
0.5825
0.5925
0.5975
0.605
0.6075
0.5975
0.595
0.5775
0.5825
0.59
0.6225
0.65
0.675
0.7025
0.7225
0.74
0.7525
0.7575
0.765
0.7625
0.7575
0.7475
0.745
0.7625
0.78
0.7825
0.76
0.7425
0.7
0.69
0.6825
0.68
0.675
0.6625
0.665
0.6925
0.7075
0.715
0.71
0.7
0.6875
0.675
0.665
0.655
0.6475
0.645
0.645
0.645
0.6475
0.6475
0.6475
0.6425
0.6275
0.61
0.6025
0.6
0.6
0.605
0.6075
0.605
0.6075
0.615
0.6275
0.64
0.6525
0.7
0.71
0.705
0.6975
0.6875
0.685
0.6875
0.705
0.72
0.75
0.7925
0.84
0.86
0.885
0.8975
0.9025
0.9025
0.9
0.8925
0.8825
0.88
0.88
0.88
0.8825
0.8775
0.87
0.87
0.8725
0.875
0.88
0.88
0.87
0.8675
0.8675
0.8725
0.875
0.875
0.875
0.8675
0.8625
0.8475
0.84
0.8375
0.8425
0.8475
0.85
0.855
0.855
0.8425
0.835
0.8225
0.82
0.83
0.85
0.8725
0.8875
0.89
0.8925
0.8925
0.89
0.88
0.8775
0.875
0.8725
0.855
0.825
0.7925
0.765
0.7475
0.7275
0.7075
0.695
0.6925
0.6975
0.71
0.7125
0.715
0.715
0.7175
0.72
0.7175
0.7125
0.7125
0.7125
0.7125
0.72
0.7225
0.7225
0.72
0.7175
0.7175
0.7175
0.72
0.72
0.7225
0.72
0.7175
0.7175
0.7225
0.72
0.7225
0.7225
0.7225
0.7275
0.73
0.7325
0.7275
0.725
0.7225
0.7175
0.7175
0.72
0.7225
0.7225
0.72
0.72
0.72
0.72
0.72
0.7175
0.715
0.715
0.7175
0.715
0.6975
0.69
0.6825
0.6775
0.68
0.6875
0.69
0.6875
0.685
0.685
0.6875
0.6825
0.6775
0.6725
0.705
0.735
0.7625
0.7775
0.785
0.775
0.7625
0.735
0.7325
0.73
0.7325
0.7325
0.7325
0.735
0.7225
0.72
0.7175
0.71
0.7
0.6875
0.6575
0.6475
0.6225
0.61
0.6025
0.6
0.5975
0.5975
0.6
0.605
0.625
0.6425
0.6625
0.6575
0.6425
0.6
0.5675
0.5225
0.495
0.475
0.4725
0.475
0.475
0.4825
0.49
0.49
0.475
0.445
0.415
0.395
0.385
0.3775
0.3675
0.3575
0.3475
0.3375
0.3275
0.32
0.3175
0.32
0.33
0.3575
0.355
0.355
0.3525
0.35
0.3475
0.3475
0.3475
0.35
0.35
0.3525
0.35
0.345
0.3475
0.3525
0.35
0.355
0.3575
0.3525
0.355
0.365
0.375
0.3825
0.3825
0.3875
0.3975
0.405
0.4075
0.41
0.42
0.44
0.475
0.505
0.53
0.5375
0.5375
0.5375
0.54
0.54
0.535
0.5275
0.53
0.5325
0.535
0.535
0.535
0.5375
0.5375
0.54
0.535
0.535
0.5325
0.535
0.5325
0.535
0.54
0.55
0.5675
0.5825
0.605
0.6575
0.6875
0.7325
0.765
0.805
0.835
0.845
0.8425
0.8275
0.82
0.8175
0.8175
0.8225
0.8425
0.87
0.8925
0.905
0.9125
0.9075
0.9025
0.895
0.8925
0.88
0.8625
0.8425
0.83
0.82
0.8175
0.8175
0.8175
0.8175
0.8175
0.81
0.8
0.8025
0.805
0.8
0.815
0.8525
0.85
0.8425
0.8225
0.81
0.7925
0.775
0.7575
0.7575
0.7725
0.8025
0.825
0.855
0.8775
0.885
0.8975
0.915
0.935
0.9475
0.94
0.935
0.9325
0.9325
0.93
0.9175
0.925
0.9275
0.93
0.9325
0.935
0.9375
0.94
0.945
0.95
0.955
0.9575
0.9625
0.9625
0.955
0.95
0.945
0.94
0.93
0.9175
0.915
0.9125
0.9075
0.9
0.9
0.9
0.9
0.9
0.9
0.9
0.895
0.895
0.8975
0.895
0.8925
0.8825
0.875
0.8725
0.875
0.885
0.905
0.9125
0.9125
0.91
0.91
0.91
0.9075
0.9025
0.9025
0.9025
0.9025
0.91
0.9125
0.9075
0.905
0.905
0.9075
0.9075
0.91
0.9075
0.91
0.9025
0.8975
0.895
0.895
0.9
0.905
0.91
0.91
0.91
0.9025
0.87
0.83
0.7975
0.785
0.7925
0.8
0.8025
0.8025
0.8
0.795
0.79
0.7725
0.7425
0.72
0.695
0.6775
0.65
0.615
0.58
0.57
0.55
0.5175
0.49
0.465
0.455
0.4525
0.45
0.45
0.4375
0.42
0.415
0.4175
0.425
0.4325
0.4325
0.425
0.42
0.41
0.3975
0.3675
0.365
0.365
0.3725
0.3725
0.365
0.3575
0.35
0.3425
0.335
0.3325
0.3225
0.31
0.295
0.2875
0.2825
0.28
0.275
0.2775
0.2825
0.295
0.2975
0.3
0.3025
0.3025
0.305
0.305
0.305
0.3075
0.3075
0.3075
0.31
0.31
0.3075
0.3025
0.29
0.2725
0.22
0.2075
0.18
0.1675
0.16
0.15
0.1475
0.1475
0.155
0.155
0.16
0.16
0.1525
0.145
0.14
0.125
0.105
0.085
0.07
0.0625
0.07
0.085
0.1075
0.1225
0.1475
0.1875
0.2025
0.2225
0.23
0.2375
0.25
0.265
0.2775
0.2825
0.2775
0.2775
0.295
0.3125
0.335
0.355
0.3575
0.35
0.3325
0.315
0.305
0.2925
0.2825
0.2775
0.275
0.2725
0.2625
0.25
0.2225
0.21
0.2075
0.29
0.3475
0.36
0.2975
0.26
0.195
0.17
0.1525
0.14
0.1275
0.1225
0.1175
0.1175
0.1125
0.105
0.0925
0.075
0.06
0.05
0.0475
0.0475
0.05
0.0475
0.0425
0.035
0.0325
0.0325
0.0325
0.0325
0.03
0.0225
0.02
0.02
0.03
0.0375
0.0475
0.0425
0.0325
0.0325
0.04
0.0625
0.0825
0.1325
0.1975
0.2225
0.2575
0.295
0.3325
0.365
0.385
0.42
0.4525
0.485
0.515
0.545
0.565
0.5775
0.5925
0.595
0.5925
0.595
0.5975
0.6225
0.6525
0.6675
0.68
0.6875
0.6925
0.6925
0.6975
0.7075
0.725
0.7425
0.7575
0.77
0.7825
0.8
0.815
0.8275
0.8475
0.865
0.875
0.8725
0.8675
0.8625
0.8675
0.8675
0.88
0.8825
0.905
0.9175
0.9375
0.95
0.9625
0.97
0.9725
0.9725
0.975
0.9725
0.9675
0.9675
0.9675
0.97
0.9725
0.975
0.975
0.975
0.9725
0.97
0.9725
0.9725
0.97
0.9625
0.955
0.9475
0.96
0.965
0.9675
0.965
0.9525
0.94
0.925
0.915
0.9025
0.895
0.8825
0.8775
0.8675
0.8775
0.8825
0.8875
0.905
0.93
0.9325
0.935
0.93
0.925
0.9175
0.9125
0.895
0.87
0.855
0.845
0.8475
0.86
0.875
0.8775
0.9025
0.92
0.935
0.9425
0.945
0.9525
0.9525
0.9525
0.9375
0.92
0.91
0.9
0.895
0.9025
0.91
0.92
0.9225
0.915
0.89
0.8725
0.8475
0.8325
0.8225
0.8125
0.8
0.785
0.7625
0.745
0.735
0.7325
0.7275
0.71
0.6775
0.655
0.62
0.5875
0.5575
0.535
0.52
0.5075
0.495
0.4825
0.4625
0.4425
0.4175
0.4
0.3675
0.3525
0.3425
0.325
0.3
0.2675
0.23
0.2
0.1825
0.16
0.15
0.145
0.135
0.125
0.105
0.095
0.0825
0.07
0.0675
0.0675
0.065
0.06
0.05
0.045
0.04
0.035
0.03
0.0275
0.0225
0.02
0.02
0.02
0.0175
0.0175
0.0175
0.0175
0.0175
0.0175
0.0175
0.0175
0.0175
0.0175
0.0175
0.0175
0.0175
0.0225
0.03
0.04
0.0575
0.065
0.0675
0.0625
0.0525
0.045
0.0425
0.0475
0.0475
0.05
0.07
0.1
0.1275
0.1525
0.1825
0.1925
0.1975
0.195
0.1875
0.185
0.185
0.19
0.195
0.2075
0.2275
0.26
0.295
0.325
0.3475
0.365
0.38
0.4025
0.4225
0.45
0.4675
0.5025
0.5325
0.5625
0.575
0.5925
0.605
0.61
0.615
0.615
0.6075
0.61
0.605
0.6025
0.61
0.62
0.625
0.625
0.62
0.62
0.6175
0.6175
0.615
0.6125
0.6125
0.6175
0.625
0.63
0.635
0.64
0.6425
0.65
0.66
0.6775
0.6875
0.7025
0.71
0.7075
0.7075
0.7075
0.7075
0.7075
0.7075
0.7175
0.72
0.7275
0.73
0.7325
0.735
0.74
0.7475
0.7575
0.77
0.7875
0.8
0.805
