0.44
0.4925
0.4925
0.5125
0.57
0.73
0.775
0.8225
0.85
0.8775
0.915
0.9275
0.935
0.9325
0.92
0.895
0.89
0.89
0.8825
0.875
0.8675
0.845
0.825
0.9225
0.91
0.8975
0.8575
0.8375
0.84
0.8475
0.8525
0.8525
0.855
0.86
0.86
0.855
0.835
0.8
0.79
0.7775
0.7625
0.7375
0.7225
0.7025
0.6275
0.6025
0.5425
0.505
0.47
0.45
0.445
0.45
0.4475
0.4425
0.4325
0.43
0.435
0.4525
0.47
0.48
0.485
0.5
0.49
0.4875
0.49
0.5225
0.55
0.595
0.6475
0.6775
0.695
0.705
0.72
0.7375
0.765
0.77
0.785
0.7975
0.8125
0.8275
0.83
0.8275
0.815
0.8025
0.8025
0.785
0.77
0.705
0.7275
0.7325
0.725
0.715
0.7275
0.73
0.72
0.815
0.805
0.7975
0.795
0.795
0.79
0.7725
0.7575
0.7425
0.7275
0.7075
0.685
0.68
0.6825
0.6825
0.67
0.66
0.645
0.6275
0.605
0.5425
0.515
0.485
0.47
0.45
0.435
0.415
0.3925
0.38
0.3675
0.35
0.3325
0.3
0.285
0.2675
0.2575
0.255
0.255
0.2575
0.26
0.2625
0.2675
0.2725
0.2725
0.275
0.2725
0.265
0.26
0.2525
0.25
0.2475
0.24
0.2325
0.2375
0.2525
0.2725
0.2925
0.3025
0.3075
0.3125
0.3225
0.315
0.3175
0.3225
0.3525
0.38
0.4175
0.4325
0.4425
0.435
0.4225
0.415
0.4
0.3725
0.3325
0.2775
0.255
0.24
0.235
0.235
0.235
0.235
0.235
0.235
0.235
0.235
0.2375
0.23
0.215
0.195
0.185
0.18
0.1775
0.18
0.1825
0.1825
0.185
0.1875
0.185
0.1775
0.1725
0.15
0.135
0.125
0.1225
0.1275
0.1375
0.145
0.1525
0.175
0.18
0.2025
0.245
0.2825
0.29
0.2825
0.2825
0.28
0.315
0.3375
0.3725
0.385
0.4075
0.42
0.435
0.445
0.45
0.455
0.4575
0.4575
0.4575
0.4575
0.46
0.4575
0.45
0.44
0.4275
0.415
0.395
0.3875
0.385
0.385
0.3875
0.395
0.405
0.4075
0.41
0.4125
0.4125
0.4025
0.3975
0.39
0.395
0.42
0.4325
0.45
0.4575
0.4625
0.475
0.485
0.505
0.5175
0.5325
0.5525
0.5775
0.595
0.6075
0.6175
0.63
0.6475
0.655
0.6575
0.655
0.6525
0.64
0.6075
0.5725
0.53
0.52
0.5125
0.5175
0.495
0.5275
0.5125
0.48
0.4325
0.405
0.3875
0.37
0.36
0.35
0.34
0.3275
0.3225
0.33
0.335
0.3425
0.335
0.32
0.3125
0.3125
0.32
0.325
0.3325
0.335
0.335
0.33
0.325
0.32
0.3125
0.295
0.2725
0.25
0.2375
0.2275
0.225
0.2175
0.2075
0.2025
0.2075
0.215
0.225
0.235
0.24
0.2425
0.2375
0.2375
0.2425
0.255
0.265
0.2775
0.285
0.28
0.28
0.4275
0.4625
0.505
0.5275
0.5425
0.55
0.5625
0.5775
0.595
0.62
0.6475
0.67
0.6825
0.685
0.685
0.6825
0.69
0.7175
0.7475
0.77
0.785
0.8075
0.83
0.8475
0.87
0.885
0.8925
0.8825
0.84
0.8375
0.8375
0.8375
0.8425
0.85
0.8575
0.8725
0.895
0.9125
0.92
0.9225
0.92
0.9175
0.91
0.9
0.8825
0.855
0.845
0.8225
0.8
0.775
0.765
0.7675
0.78
0.8025
0.8125
0.8225
0.8275
0.8225
0.81
0.7975
0.7725
0.76
0.7575
0.7425
0.7275
0.7
0.655
0.6125
0.5875
0.555
0.5275
0.5025
0.49
0.4775
0.4625
0.4475
0.44
0.43
0.4175
0.4075
0.385
0.355
0.32
0.2875
0.2575
0.245
0.2275
0.1975
0.1725
0.1525
0.1325
0.115
0.09
0.0675
0.05
0.0325
0.025
0.0225
0.025
0.03
0.035
0.0425
0.05
0.0575
0.06
0.065
0.045
0.0375
0.0375
0.0475
0.0575
0.0725
0.08
0.0925
0.1
0.1075
0.115
0.1325
0.155
0.1675
0.1675
0.1675
0.1675
0.16
0.155
0.145
0.125
0.12
0.0975
0.0825
0.075
0.06
0.0575
0.0675
0.085
0.1075
0.1325
0.155
0.165
0.155
0.1475
0.135
0.125
0.1175
0.1125
0.1075
0.0975
0.085
0.0775
0.0725
0.0725
0.07
0.0725
0.075
0.08
0.0775
0.0775
0.08
0.0875
0.095
0.11
0.115
0.115
0.115
0.115
0.115
0.1325
0.1525
0.32
0.35
0.3825
0.4225
0.45
0.4825
0.5075
0.5275
0.545
0.55
0.5575
0.565
0.57
0.5775
0.5775
0.575
0.5625
0.5425
0.5125
0.4975
0.4775
0.4575
0.44
0.43
0.425
0.4225
0.425
0.4375
0.4525
0.585
0.6025
0.6125
0.6275
0.64
0.655
0.6725
0.695
0.7025
0.7
0.6925
0.6875
0.6875
0.695
0.7025
0.71
0.7175
0.725
0.73
0.7325
0.735
0.73
0.71
0.68
0.6575
0.64
0.6275
0.59
0.5625
0.5375
0.51
0.5125
0.5275
0.54
0.53
0.53
0.5275
0.525
0.5125
0.525
0.5425
0.5575
0.5825
0.5975
0.605
0.6175
0.635
0.64
0.62
0.6
0.595
0.595
0.5925
0.6
0.61
0.6175
0.625
0.6325
0.6325
0.63
0.6025
0.5825
0.565
0.5525
0.5525
0.575
0.5575
0.5425
0.5375
0.535
0.55
0.5625
0.57
0.575
0.57
0.565
0.5625
0.5625
0.5475
0.52
0.5325
0.5175
0.5
0.4975
0.49
0.475
0.4625
0.46
0.4525
0.435
0.415
0.3975
0.38
0.3675
0.355
0.345
0.34
0.3325
0.3325
0.3325
0.335
0.335
0.335
0.345
0.3625
0.3675
0.3725
0.365
0.3525
0.335
0.31
0.3
0.29
0.275
0.26
0.2625
0.2725
0.2975
0.315
0.33
0.3325
0.335
0.3225
0.2825
0.2775
0.2875
0.295
0.2925
0.2875
0.28
0.2675
0.265
0.26
0.255
0.2375
0.2125
0.21
0.21
0.2025
0.195
0.1725
0.1525
0.13
0.12
0.11
0.105
0.1125
0.1175
0.12
0.1225
0.14
0.1625
0.18
0.21
0.225
0.225
0.215
0.1925
0.17
0.15
0.13
0.1225
0.115
0.12
0.135
0.15
0.16
0.165
0.1675
0.18
0.19
0.19
0.1725
0.1525
0.1325
0.105
0.0875
0.075
0.0625
0.05
0.035
0.025
0.0175
0.0125
0.015
0.015
0.0175
0.0275
0.04
0.045
0.0775
0.08
0.095
0.12
0.145
0.1675
0.2
0.215
0.24
0.255
0.265
0.275
0.2975
0.315
0.3425
0.36
0.36
0.36
0.36
0.36
0.36
0.365
0.3725
0.3875
0.3975
0.4
0.4075
0.4075
0.4175
0.4275
0.4325
0.4075
0.385
0.3775
0.3725
0.37
0.37
0.375
0.3825
0.41
0.51
0.515
0.5175
0.52
0.52
0.525
0.5325
0.54
0.545
0.555
0.57
0.575
0.5825
0.59
0.595
0.6
0.605
0.6125
0.6175
0.62
0.62
0.625
0.6325
0.6375
0.645
0.69
0.7025
0.7225
0.75
0.7775
0.81
0.8225
0.8525
0.8625
0.8825
0.8875
0.8875
0.8825
0.88
0.885
0.8825
0.8725
0.86
0.835
0.825
0.825
0.835
0.845
0.8575
0.8575
0.8625
0.8775
0.885
0.89
0.8925
0.8875
0.88
0.87
0.865
0.86
0.8575
0.8575
0.86
0.865
0.865
0.85
0.8275
0.7975
0.77
0.7525
0.74
0.7325
0.7375
0.74
0.74
0.74
0.735
0.745
0.745
0.745
0.7475
0.7475
0.7575
0.7625
0.78
0.785
0.7875
0.7925
0.795
0.7975
0.805
0.81
0.81
0.8175
0.8325
0.8525
0.8575
0.8875
0.91
0.915
0.925
0.93
0.93
0.93
0.935
0.9375
0.9375
0.9275
0.9125
0.8925
0.8875
0.885
0.885
0.8825
0.87
0.8575
0.855
0.855
0.86
0.8675
0.885
0.9025
0.9125
0.9175
0.9125
0.9025
0.8875
0.8825
0.8725
0.8575
0.8225
0.7775
0.7375
0.705
0.6825
0.665
0.645
0.62
0.5975
0.5775
0.5575
0.535
0.4975
0.475
0.4575
0.4425
0.435
0.4325
0.43
0.43
0.435
0.4375
0.44
0.455
0.455
0.445
0.4175
0.405
0.4
0.39
0.3875
0.38
0.3675
0.35
0.32
0.305
0.28
0.2675
0.26
0.2575
0.26
0.26
0.265
0.265
0.2675
0.2675
0.27
0.27
0.27
0.2725
0.2725
0.2725
0.2725
0.27
0.27
0.27
0.2675
0.2675
0.27
0.27
0.3
0.305
0.3075
0.3075
0.31
0.31
0.3125
0.3225
0.33
0.3175
0.3025
0.275
0.2625
0.26
0.265
0.2625
0.25
0.235
0.2175
0.1925
0.1675
0.1475
0.13
0.11
0.0925
0.0825
0.0625
0.05
0.0375
0.03
0.02
0.015
0.015
0.015
0.0125
0.01
0.01
0.01
0.02
0.03
0.0325
0.0325
0.055
0.0775
0.0925
0.115
0.125
0.1325
0.1375
0.1375
0.1375
0.1475
0.1675
0.1925
0.2275
0.2525
0.2825
0.315
0.335
0.3475
0.37
0.39
0.4125
0.425
0.44
0.455
0.4725
0.485
0.495
0.4925
0.485
0.4925
0.4975
0.51
0.515
0.53
0.535
0.5425
0.565
0.58
0.585
0.585
0.585
0.575
0.5625
0.5525
0.5525
0.555
0.56
0.555
0.545
0.535
0.505
0.475
0.46
0.4475
0.445
0.455
0.4775
0.5075
0.5575
0.5675
0.5775
0.585
0.6075
0.6225
0.625
0.63
0.6325
0.6325
0.635
0.635
0.64
0.64
0.64
0.6425
0.64
0.6325
0.625
0.62
0.6175
0.6125
0.6
0.59
0.57
0.5625
0.5625
0.565
0.5675
0.5725
0.575
0.5875
0.6375
0.6675
0.7
0.7225
0.7375
0.7375
0.72
0.7025
0.6925
0.7025
0.7125
0.77
0.805
0.82
0.8275
0.8325
0.84
0.85
0.865
0.885
0.8975
0.9025
0.895
0.88
0.855
0.815
0.8075
0.815
0.83
0.84
0.8475
0.8425
0.8325
0.815
0.8
0.7725
0.7325
0.7125
0.6925
0.665
0.6525
0.625
0.6025
0.5825
0.5625
0.535
0.5075
0.485
0.46
0.4325
0.41
0.395
0.3875
0.385
0.385
0.3875
0.39
0.3825
0.3725
0.365
0.34
0.325
0.32
0.32
0.3275
0.33
0.3225
0.29
0.26
0.235
0.22
0.2025
0.1825
0.1725
0.1625
0.1575
0.1525
0.15
0.1425
0.135
0.1225
0.1075
0.095
0.0675
0.0575
0.04
0.03
0.025
0.0175
0.0125
0.005
0.0075
0.0075
0.01
0.01
0.0075
0.01
0.01
0.0125
0.0125
0.0125
0.015
0.0175
0.02
0.0225
0.025
0.03
0.0375
0.055
0.075
0.085
0.095
0.0875
0.0825
0.075
0.0775
0.0825
0.09
0.0975
0.11
0.12
0.1325
0.1375
0.145
0.16
0.185
0.1875
0.175
0.1575
0.1425
0.135
0.1275
0.1225
0.12
0.1125
0.105
0.0925
0.075
0.06
0.05
0.045
0.0425
0.045
0.045
0.0475
0.065
0.0975
0.13
0.1475
0.16
0.165
0.16
0.145
0.1475
0.15
0.1525
0.155
0.165
0.185
0.2125
0.23
0.255
0.2725
0.28
0.29
0.3025
0.315
0.3275
0.3275
0.3275
0.32
0.31
0.295
0.295
0.3225
0.3375
0.3325
0.3275
0.3125
0.2975
0.2825
0.2775
0.2725
0.2675
0.2625
0.255
0.2475
0.235
0.22
0.2
0.185
0.165
0.1525
0.145
0.1475
0.155
0.165
0.185
0.24
0.34
0.3775
0.3925
0.42
0.44
0.4625
0.4775
0.4975
0.51
0.52
0.5325
0.5575
0.5725
0.585
0.605
0.625
0.65
0.6625
0.67
0.675
0.67
0.665
0.655
0.6425
0.635
0.6325
0.635
0.6375
0.635
0.61
0.6
0.5675
0.5425
0.5125
0.5
0.4875
0.48
0.4775
0.4825
0.4925
0.505
0.5225
0.525
0.515
0.5025
0.49
0.4775
0.4725
0.4725
0.45
0.42
0.3825
0.335
0.2975
0.275
0.2525
0.24
0.225
0.21
0.205
0.2075
0.22
0.2275
0.235
0.245
0.25
0.26
0.2675
0.275
0.28
0.275
0.265
0.2525
0.24
0.215
0.1925
0.17
0.14
0.135
0.1075
0.1
0.0925
0.09
0.09
0.0925
0.095
0.105
0.1225
0.175
0.2275
0.285
0.3425
0.385
0.43
0.44
0.455
0.4625
0.4675
0.47
0.47
0.4675
0.4675
0.47
0.4725
0.475
0.485
0.4925
0.5
0.5025
0.505
0.5075
0.5075
0.5075
0.51
0.5175
0.53
0.5575
0.58
0.6025
0.61
0.6275
0.65
0.6725
0.6925
0.7125
0.74
0.7525
0.755
0.7575
0.765
0.7675
0.7675
0.7675
0.7675
0.765
0.7575
0.7575
0.7525
0.7475
0.7425
0.7425
0.7425
0.7425
0.75
0.7675
0.78
0.79
0.7875
0.7775
0.7675
0.76
0.7575
0.77
0.7925
0.8125
0.825
0.83
0.83
0.83
0.8325
0.825
0.82
0.815
0.81
0.815
0.8375
0.8675
0.88
0.895
0.9175
0.9225
0.93
0.9425
0.955
0.9575
0.9475
0.9275
0.915
0.89
0.855
0.8225
0.8
0.7675
0.7225
0.7075
0.6875
0.665
0.6425
0.63
0.615
0.6125
0.6125
0.61
0.615
0.62
0.625
0.62
0.6175
0.6025
0.59
0.575
0.5675
0.555
0.535
0.52
0.5075
0.4775
0.46
0.4275
0.405
0.385
0.3775
0.365
0.3525
0.3425
0.33
0.31
0.2875
0.255
0.23
0.22
0.205
0.2
0.1925
0.1825
0.1825
0.1825
0.1825
0.175
0.17
0.1575
0.15
0.1425
0.135
0.13
0.1225
0.1125
0.0975
0.085
0.07
0.055
0.0475
0.04
0.0425
0.055
0.0825
0.1175
0.16
0.2125
0.2425
0.2725
0.285
0.29
0.285
0.275
0.26
0.2325
0.1975
0.1625
0.145
0.12
0.1175
0.1125
0.1125
0.115
0.1275
0.1425
0.165
0.19
0.22
0.24
0.2875
0.3225
0.36
0.3875
0.41
0.4275
0.4325
0.4275
0.4175
0.415
0.4125
0.4075
0.4075
0.41
0.4125
0.4175
0.4275
0.4425
0.455
0.4775
0.5075
0.5275
0.55
0.56
0.5825
0.605
0.62
0.6375
0.6525
0.6625
0.68
0.69
0.7
0.7125
0.7275
0.745
0.755
0.7625
0.7625
0.765
0.7725
0.78
0.7925
0.8
0.8125
0.8175
0.82
0.8225
0.835
0.845
0.855
0.86
0.8725
0.8825
0.9025
0.9175
0.925
0.9375
0.945
0.9475
0.95
0.9525
0.95
0.9475
0.9425
0.9375
0.935
0.93
0.92
0.8925
0.8775
0.87
0.85
0.835
0.815
0.795
0.7825
0.7675
0.755
0.7375
0.73
0.7225
0.72
0.725
0.75
0.7725
0.8025
0.8375
0.865
0.905
0.925
0.9375
0.9375
0.9375
0.9325
0.925
0.9175
0.915
0.91
0.8975
0.8875
0.89
0.91
0.9375
0.94
0.9275
0.92
0.9125
0.9175
0.925
0.925
0.925
0.89
0.8675
0.8375
0.81
0.7825
0.76
0.74
0.725
0.7025
0.6775
0.6525
0.6225
0.5875
0.5525
0.53
0.5225
0.5175
0.5125
0.505
0.5025
0.4975
0.4975
0.4875
0.4775
0.4675
0.465
0.44
0.4225
0.405
0.4
0.3975
0.405
0.41
0.4225
0.4325
0.4375
0.44
0.44
0.4275
0.4125
0.38
0.345
0.3325
0.32
0.315
0.3025
0.305
0.315
0.3275
0.33
0.3225
0.2925
0.2725
0.26
0.25
0.2425
0.2375
0.2375
0.23
0.2225
0.2125
0.2
0.18
0.16
0.1475
0.145
0.1475
0.165
0.175
0.185
0.18
0.16
0.13
0.12
0.13
0.155
0.1775
0.1975
0.205
0.1975
0.1975
0.2125
0.2275
0.2425
0.2625
0.28
0.295
0.3125
0.3225
0.335
0.3425
0.3425
0.3375
0.3375
0.35
0.36
0.3625
0.36
0.345
0.3175
0.275
0.2175
0.17
0.1675
0.195
0.2075
0.2325
0.225
0.19
0.175
0.155
0.1425
0.115
0.08
0.06
0.05
0.05
0.05
0.0625
0.0775
0.0925
0.105
0.13
0.1625
0.2075
0.2325
0.2525
0.265
0.295
0.31
0.3375
0.365
0.3775
0.3925
0.41
0.425
0.4425
0.455
0.4775
0.4925
0.5175
0.5325
0.5525
0.5675
0.5975
0.6225
0.6375
0.6575
0.68
0.6975
0.7175
0.735
0.745
0.7425
0.7325
0.72
0.7
0.6925
0.685
0.67
0.65
0.6375
0.615
0.6
0.57
0.57
0.5775
0.59
0.6
0.615
0.6625
0.6725
0.69
0.705
0.7225
0.7475
0.775
0.8025
0.825
0.8425
0.85
0.85
0.8525
0.8575
0.87
0.8825
0.8925
0.8925
0.89
0.89
0.905
0.915
0.9275
0.9325
0.935
0.9275
0.905
0.8825
0.8775
0.8775
0.8775
0.8625
0.85
0.85
0.87
0.895
0.9225
0.9375
0.94
0.9425
0.935
0.9175
0.9025
0.89
0.89
0.885
0.88
0.88
0.8825
0.8825
0.875
0.875
0.89
0.9
0.905
0.8925
0.8725
0.855
0.8425
0.8375
0.8275
0.82
0.7975
0.775
0.7625
0.7425
0.7225
0.695
0.685
0.6675
0.665
0.6625
0.67
0.675
0.6775
0.6775
0.665
0.6475
0.6425
0.64
0.64
0.6375
0.625
0.615
0.595
0.5875
0.5825
0.5825
0.575
0.565
0.545
0.53
0.51
0.4825
0.445
0.4125
0.3825
0.36
0.345
0.32
0.2925
0.265
0.2325
0.2125
0.1975
0.175
0.165
0.1525
0.145
0.1375
0.125
0.1175
0.095
0.08
0.0675
0.0575
0.0525
0.0475
0.0475
0.0525
0.0525
0.0475
0.0475
0.055
0.0625
0.0575
0.06
0.06
0.065
0.075
0.1
0.1225
0.1475
0.17
0.1875
0.195
0.1975
0.2025
0.2025
0.195
0.185
0.1675
0.14
0.115
0.0975
0.095
0.1025
0.115
0.12
0.125
0.1375
0.1475
0.1625
0.175
0.1825
0.185
0.1875
0.1875
0.19
0.19
0.19
0.1925
0.195
0.195
0.1925
0.19
0.17
0.165
0.16
0.16
0.17
0.21
0.235
0.2525
0.265
0.2775
0.2825
0.2825
0.2825
0.275
0.2625
0.255
0.25
0.24
0.22
0.1875
0.155
0.135
0.1175
0.1025
0.0925
0.0875
0.0875
0.0925
0.0975
0.095
0.0925
0.0925
0.095
0.1025
0.11
0.1275
0.155
0.1725
0.215
0.25
0.2775
0.305
0.3275
0.3475
0.36
0.3725
0.3825
0.395
0.4
0.41
0.42
0.435
0.4425
0.4425
0.4375
0.4375
0.445
0.4525
0.4575
0.46
0.4625
0.4675
0.475
0.4775
0.4775
0.4775
0.4825
0.495
0.5075
0.5225
0.535
0.5475
0.545
0.52
0.4825
0.4675
0.4525
0.455
0.465
0.4875
0.5225
0.56
0.585
0.605
0.6325
0.655
0.6775
0.7025
0.7275
0.7375
0.745
0.7475
0.7525
0.7525
0.75
0.745
0.745
0.75
0.7625
0.7775
0.7825
0.8
0.8125
0.8275
0.8475
0.87
0.89
0.895
0.9
0.905
0.915
0.925
0.93
0.9325
0.9375
0.9475
0.9575
0.9575
0.9575
0.955
0.945
0.94
0.9375
0.9325
0.9175
0.9075
0.8975
0.8925
0.88
0.8725
0.87
0.8775
0.88
0.88
0.8725
0.86
0.8475
0.8375
0.83
0.8275
0.805
0.795
0.7775
0.77
0.7775
0.8025
0.81
0.825
0.835
0.8425
0.835
0.8225
0.7925
0.745
0.7225
0.7
0.6725
0.6475
0.6225
0.595
0.5675
0.5375
0.5
0.47
0.4425
0.42
0.4025
0.39
0.38
0.37
0.365
0.36
0.3575
0.35
0.34
0.3225
0.315
0.31
0.31
0.3075
0.295
0.285
0.2875
0.285
0.3
0.3475
0.365
0.3825
0.3875
0.39
0.3875
0.3925
0.395
0.3975
0.395
0.3875
0.375
0.355
0.33
0.2925
0.2675
0.23
0.2075
0.19
0.1825
0.18
0.1775
0.175
0.165
0.1625
0.1575
0.1575
0.1425
0.1275
0.1075
0.095
0.095
0.095
0.095
0.09
0.08
0.0725
0.06
0.0575
0.0625
0.075
0.085
0.0925
0.085
0.075
0.06
0.0575
0.0475
0.0425
0.035
0.0275
0.0225
0.0175
0.01
0.0075
0.0025
0.0025
0.0025
0.0075
0.0275
0.0375
0.0475
0.055
0.055
0.05
0.05
0.0575
0.0575
0.055
0.05
0.05
0.05
0.045
0.0475
0.0575
0.13
0.165
0.1825
0.1925
0.1975
0.2175
0.225
0.2275
0.24
0.27
0.2725
0.27
0.2725
0.2725
0.2775
0.285
0.285
0.2775
0.265
0.255
0.255
0.2725
0.3025
0.3325
0.3575
0.3725
0.3825
0.39
0.4
0.4125
0.425
0.4325
0.4275
0.42
0.4175
0.42
0.4275
0.435
0.445
0.4575
0.475
0.4975
0.51
0.52
0.5325
0.5425
0.565
0.5875
0.6025
0.6225
0.6375
0.645
0.6525
0.6575
0.665
0.665
0.66
0.655
0.655
0.6525
0.6575
0.67
0.685
0.695
0.7
0.7025
0.7075
0.71
0.7075
0.7
0.7
0.6975
0.68
0.66
0.6375
0.62
0.5725
0.54
0.5
0.48
0.4775
0.4875
0.495
0.5075
0.545
0.5775
0.5925
0.62
0.64
0.665
0.6825
0.7
0.71
0.7225
0.7375
0.7525
0.7625
0.77
0.78
0.795
0.8175
0.825
0.84
0.85
0.8525
0.845
0.8275
0.805
0.7875
0.7725
0.7725
0.7825
0.7925
0.795
0.7925
0.785
0.79
0.795
0.8175
0.83
0.8425
0.8475
0.865
0.8875
0.8975
0.9125
0.915
0.9175
0.915
0.9125
0.9075
0.9
0.8875
0.8825
0.885
0.8925
0.91
0.92
0.925
0.9325
0.935
0.9375
0.935
0.9175
0.9125
0.9
0.8925
0.8875
0.89
0.8975
0.9
0.895
0.8825
0.8775
0.87
0.865
0.86
0.8525
0.83
0.8175
0.8125
0.82
0.83
0.8375
0.8525
0.865
0.8775
0.8825
0.8875
0.8675
0.855
0.845
0.8225
0.8025
0.7775
0.765
0.735
0.72
0.6725
0.645
0.6025
0.5625
0.5375
0.495
0.4625
0.43
0.385
0.3525
0.3275
0.2925
0.2575
0.22
0.205
0.175
0.1575
0.12
0.1025
0.085
0.085
0.095
0.105
0.1075
0.125
0.14
0.1575
0.1825
0.21
0.22
0.2075
0.19
0.18
0.155
0.135
0.135
0.1425
0.1625
0.1825
0.2125
0.2225
0.2375
0.245
0.2725
0.2975
0.3275
0.375
0.3875
0.39
0.3825
0.3775
0.36
0.35
0.3375
0.3225
0.3125
0.3025
0.3
0.3025
0.3025
0.3075
0.2925
0.2825
0.2725
0.2675
0.255
0.245
0.24
0.23
0.2325
0.2425
0.26
0.285
0.3
0.335
0.3575
0.37
0.375
0.385
0.3975
0.41
0.425
0.4375
0.4475
0.4525
0.455
0.46
0.4625
0.46
0.4575
0.455
0.4525
0.4575
0.465
0.4675
0.47
0.47
0.4725
0.4725
0.4775
0.4875
0.5
0.51
0.52
0.535
0.55
0.575
0.5875
0.615
0.6325
0.6475
0.665
0.6875
0.705
0.72
0.7275
0.735
0.74
0.75
0.7575
0.775
0.8025
0.8175
0.8275
0.8325
0.8375
0.8475
0.8525
0.845
0.85
0.8575
0.8725
0.8825
0.88
0.8825
0.8825
0.885
0.885
0.8825
0.885
0.8775
0.86
0.84
0.825
0.8225
0.815
0.795
0.7875
0.7825
0.78
0.7825
0.7875
0.79
0.79
0.7925
0.7925
0.8
0.805
0.8225
0.8425
0.88
0.8975
0.92
0.935
0.94
0.9425
0.95
0.9525
0.95
0.9525
0.9575
0.95
0.925
0.9075
0.9025
0.9025
0.91
0.9125
0.9075
0.9075
0.91
0.9075
0.905
0.905
0.905
0.905
0.905
0.905
0.905
0.905
0.905
0.905
0.905
0.905
0.905
0.905
0.905
0.905
0.905
0.905
0.905
0.9025
0.87
0.8725
0.875
0.8775
0.8775
0.88
0.88
0.88
0.88
0.88
0.88
0.88
0.88
0.88
0.88
0.88
0.88
0.88
0.88
0.88
0.88
0.88
0.8775
0.8725
0.8675
0.865
0.865
0.8675
0.8675
0.8675
0.8675
0.8675
0.87
0.875
0.8725
0.8625
0.8325
0.8525
0.8675
0.905
0.9125
0.8925
0.875
0.86
0.8575
0.8525
0.8425
0.84
0.8525
0.8625
0.8675
0.8725
0.8625
0.835
0.825
0.83
0.86
0.87
0.8725
0.875
0.88
0.885
0.885
0.885
0.885
0.885
0.8675
0.8575
0.8375
0.84
0.8525
0.8625
0.87
0.8775
0.8775
0.8825
0.885
0.885
0.8825
0.8725
0.8775
0.8775
0.88
0.88
0.88
0.88
0.8775
0.8625
0.85
0.845
0.8275
0.8225
0.825
0.835
0.8475
0.85
0.8475
0.84
0.8375
0.835
0.835
0.8325
0.825
0.8125
0.8175
0.815
0.82
0.825
0.8325
0.825
0.805
0.8025
0.8025
0.8025
0.8025
0.8075
0.8125
0.815
0.81
0.805
0.8025
0.8025
0.8
0.7975
0.795
0.7925
0.7875
0.7825
0.77
0.7675
0.775
0.785
0.785
0.7725
0.75
0.74
0.73
0.7275
0.725
0.7225
0.7175
0.7125
0.705
0.6975
0.69
0.6825
0.68
0.68
0.6775
0.675
0.67
0.6575
0.64
0.62
0.5925
0.5775
0.5525
0.5225
0.505
0.4975
0.4925
0.4875
0.49
0.5
0.51
0.52
0.5225
0.5125
0.505
0.5
0.495
0.4925
0.485
0.475
0.46
0.4475
0.4325
0.4175
0.4125
0.41
0.4075
0.405
0.3975
0.39
0.3875
0.39
0.3925
0.39
0.3875
0.3875
0.39
0.39
0.39
0.39
0.3925
0.395
0.3925
0.385
0.375
0.3625
0.3475
0.3375
0.33
0.3225
0.3225
0.325
0.34
0.3475
0.35
0.3525
0.3575
0.365
0.3675
0.365
0.365
0.3675
0.37
0.3775
0.385
0.405
0.4175
0.4325
0.42
0.415
0.42
0.4225
0.4275
0.425
0.41
0.3975
0.385
0.3725
0.36
0.35
0.3425
0.3325
0.3225
0.305
0.2775
0.2575
0.22
0.2125
0.2025
0.19
0.175
0.1625
0.1575
0.1575
0.16
0.16
0.1675
0.175
0.1575
0.1475
0.1375
0.145
0.1625
0.18
0.2025
0.2225
0.255
0.285
0.3025
0.3325
0.355
0.3625
0.3675
0.3675
0.3725
0.375
0.3725
0.3725
0.37
0.36
0.3325
0.31
0.29
0.275
0.2575
0.25
0.245
0.245
0.235
0.215
0.1875
0.155
0.14
0.1275
0.1025
0.09
0.0775
0.075
0.07
0.0625
0.0575
0.055
0.05
0.0425
0.035
0.0275
0.0225
0.02
0.02
0.015
0.0125
0.0125
0.0125
0.0125
0.0125
0.01
0.0225
0.025
0.03
0.0225
0.015
0.015
0.0175
0.0175
0.0125
0.0075
0.01
0.0275
0.045
0.0825
0.13
0.1775
0.205
0.2275
0.2575
0.2775
0.3275
0.3625
0.38
0.4025
0.4275
0.4525
0.4675
0.5
0.515
0.5575
0.585
0.6
0.64
0.6525
0.6825
0.695
0.705
0.71
0.715
0.72
0.7225
0.725
0.7325
0.74
0.745
0.7475
0.745
0.7525
0.765
0.8175
0.8325
0.845
0.8625
0.875
0.885
0.8825
0.8725
0.865
0.8575
0.85
0.8475
0.8425
0.835
0.8375
0.8475
0.8575
0.8625
0.8625
0.855
0.84
0.8275
0.8125
0.7925
0.76
0.7375
0.7175
0.7125
0.7225
0.7325
0.7525
0.7925
0.8125
0.845
0.8675
0.8875
0.9
0.92
0.935
0.9425
0.945
0.9325
0.9275
0.9125
0.905
0.9
0.8825
0.8625
0.84
0.825
0.81
0.7875
0.755
0.735
0.7125
0.6825
0.66
0.64
0.6325
0.6275
0.615
0.5675
0.545
0.5275
0.5125
0.4975
0.4825
0.47
0.4575
0.4375
0.435
0.435
0.43
0.43
0.435
0.4425
0.44
0.4325
0.4325
0.4225
0.4175
0.4225
0.425
0.445
0.47
0.4675
0.455
0.44
0.4175
0.385
0.3675
0.3375
0.305
0.2875
0.27
0.255
0.2325
0.215
0.2025
0.2075
0.2125
0.23
0.2325
0.22
0.1925
0.1675
0.1425
0.125
0.115
0.1175
0.145
0.1625
0.2025
0.2325
0.2475
0.3025
0.3275
0.38
0.43
0.45
0.485
0.5
0.51
0.52
0.5275
0.535
0.54
0.5425
0.5475
0.5575
0.5675
0.5875
0.61
0.6375
0.665
0.675
0.6875
0.6975
0.7175
0.7275
0.7475
0.765
0.7725
0.7775
0.785
0.79
0.8025
0.825
0.84
0.8575
0.8725
0.885
0.8975
0.905
0.905
0.8975
0.895
0.8975
0.9025
0.905
0.9075
0.915
0.91
0.9075
0.9
0.89
0.8825
0.8825
0.8825
0.89
0.89
0.885
0.8775
0.8675
0.8625
0.8625
0.87
0.875
0.8775
0.885
0.895
0.905
0.91
0.9175
0.9275
0.93
0.92
0.905
0.89
0.885
0.8875
0.89
0.8925
0.8975
0.905
0.9125
0.92
0.9175
0.9125
0.9075
0.8975
0.8875
0.8675
0.8525
0.8325
0.8175
0.805
0.795
0.7875
0.7775
0.77
0.755
0.7475
0.7375
0.7375
0.7475
0.7575
0.775
0.7925
0.805
0.8175
0.825
0.8275
0.8275
0.8275
0.8275
0.8325
0.8375
0.8475
0.8525
0.8575
0.855
0.85
0.845
0.8425
0.8425
0.8375
0.83
0.8275
0.825
0.8225
0.81
0.795
0.76
0.74
0.7275
0.72
0.7075
0.6875
0.66
0.6225
0.585
0.5525
0.53
0.515
0.4925
0.4725
0.455
0.4175
0.3925
0.3925
0.4
0.415
0.42
0.4175
0.41
0.4075
0.405
0.4
0.3925
0.3675
0.335
0.3075
0.285
0.265
0.245
0.235
0.2275
0.225
0.23
0.24
0.245
0.2425
0.25
0.2625
0.2825
0.295
0.3025
0.31
0.3125
0.315
0.3175
0.325
0.33
0.335
0.33
0.325
0.3125
0.2925
0.27
0.2525
0.2425
0.2375
0.24
0.2425
0.245
0.255
0.2625
0.275
0.285
0.29
0.295
0.2925
0.2825
0.27
0.26
0.255
0.255
0.2525
0.255
0.26
0.2625
0.2625
0.27
0.2775
0.2775
0.275
0.2725
0.275
0.28
0.28
0.2775
0.275
0.275
0.275
0.2775
0.2775
0.275
0.2675
0.265
0.265
0.2625
0.2575
0.2625
0.2725
0.2825
0.29
0.295
0.3075
0.3275
0.335
0.355
0.3675
0.3925
0.4125
0.4325
0.4475
0.4625
0.47
0.4875
0.5025
0.5175
0.51
0.5
0.5075
0.5175
0.535
0.5475
0.555
0.55
0.535
0.5175
0.5025
0.5075
0.535
0.555
0.575
0.5875
0.605
0.6175
0.6275
0.6425
0.68
0.7
0.7175
0.7275
0.735
0.7375
0.735
0.725
0.72
0.7125
0.71
0.72
0.74
0.7675
0.795
0.815
0.8275
0.845
0.8625
0.8775
0.8875
0.8925
0.8925
0.89
0.885
0.8825
0.8825
0.88
0.8825
0.885
0.8875
0.895
0.905
0.915
0.9325
0.9325
0.925
0.9125
0.895
0.8875
0.8775
0.8675
0.855
0.85
0.84
0.795
0.7825
0.7625
0.7425
0.72
0.7125
0.715
0.7325
0.755
0.7825
0.8175
0.8475
0.8825
0.905
0.92
0.9275
0.9225
0.91
0.8725
0.8475
0.8075
0.7775
0.7525
0.73
0.7025
0.665
0.6275
0.585
0.56
0.515
0.4675
0.4225
0.3825
0.3425
0.305
0.2675
0.2325
0.205
0.19
0.1625
0.1525
0.1325
0.1125
0.1
0.0875
0.075
0.0675
0.06
0.0575
0.055
0.0525
0.0475
0.045
0.04
0.0375
0.0375
0.0425
0.0475
0.0625
0.0925
0.1125
0.13
0.1325
0.14
0.145
0.15
0.14
0.1
0.0825
0.0825
0.095
0.115
0.13
0.1425
0.18
0.2125
0.2325
0.2475
0.255
0.265
0.2725
0.275
0.2775
0.2775
0.275
0.2675
0.255
0.255
0.255
0.25
0.2425
0.23
0.2275
0.235
0.25
0.27
0.29
0.3075
0.32
0.3325
0.3475
0.36
0.3725
0.385
0.405
0.425
0.4425
0.455
0.465
0.4775
0.4925
0.5025
0.51
0.5225
0.5375
0.555
0.575
0.5925
0.625
0.625
0.6225
0.6175
0.62
0.62
0.62
0.6175
0.6175
0.615
0.615
0.615
0.6175
0.615
0.615
0.615
0.6175
0.62
0.6225
0.6225
0.625
0.625
0.625
0.625
0.625
0.625
0.625
0.625
0.625
0.625
0.6275
0.6275
0.625
0.625
0.625
0.625
0.625
0.625
0.625
0.625
0.625
0.625
0.625
0.625
0.625
0.625
0.625
0.625
0.6325
0.6425
0.6525
0.6625
0.6675
0.6725
0.675
0.6825
0.69
0.7025
0.7075
0.71
0.7125
0.71
0.7075
0.705
0.705
0.7075
0.7125
0.715
0.7175
0.7375
0.745
0.7525
0.7675
0.795
0.8225
0.8425
0.855
0.865
0.87
0.8725
0.865
0.84
0.825
0.7975
0.7775
0.7675
0.755
0.7475
0.7475
0.745
0.75
0.7525
0.755
0.75
0.7475
0.745
0.7275
0.7225
0.7225
0.72
0.725
0.7375
0.7475
0.755
0.75
0.7425
0.7325
0.7325
0.7425
0.74
0.7325
0.72
0.7
0.68
0.6525
0.625
0.5975
0.5825
0.565
0.545
0.5225
0.495
0.4625
0.4425
0.4325
0.41
0.395
0.3775
0.3675
0.3475
0.3325
0.3275
0.3325
0.3425
0.3625
0.385
0.4
0.4075
0.405
0.3975
0.3975
0.4
0.4025
0.4075
0.41
0.4275
0.4575
0.47
0.48
0.49
0.505
0.5125
0.5075
0.4925
0.475
0.465
0.455
0.4375
0.4225
0.3925
0.3625
0.3525
0.3475
0.345
0.3425
0.335
0.33
0.325
0.32
0.315
0.31
0.305
0.3025
0.295
0.2775
0.2675
0.2625
0.245
0.24
0.2275
0.205
0.1825
0.165
0.1575
0.15
0.145
0.1425
0.145
0.1425
0.1325
0.1175
0.1075
0.1025
0.0975
0.0975
0.1
0.1
0.1
0.1
0.1
0.0925
0.0925
0.095
0.1025
0.11
0.12
0.12
0.1175
0.11
0.1075
0.105
0.1025
0.105
0.1075
0.105
0.105
0.1025
0.1025
0.1
0.0975
0.095
0.095
0.0925
0.09
0.09
0.09
0.09
0.095
0.1025
0.1025
0.0975
0.085
0.0675
0.05
0.035
0.0325
0.0275
0.0275
0.0225
0.0225
0.0275
0.0325
0.0375
0.035
0.0325
0.0375
0.04
0.0425
0.0525
0.05
0.045
0.0425
0.05
0.06
0.07
0.0725
0.0775
0.0775
0.0825
0.0875
0.1075
0.1325
0.1875
0.21
0.22
0.22
0.225
0.2275
0.2275
0.2175
0.195
0.1725
0.1475
0.1275
0.1075
0.0925
0.0925
0.1
0.1125
0.1325
0.1575
0.18
0.1925
0.1875
0.1625
0.155
0.16
0.1875
0.2225
0.2575
0.25
0.2375
0.2325
0.2375
0.2625
0.2875
0.34
0.37
0.4
0.425
0.45
0.47
0.485
0.4925
0.4925
0.495
0.4975
0.5075
0.5175
0.53
0.54
0.555
0.5725
0.585
0.6075
0.625
0.6375
0.64
0.6425
0.6425
0.6475
0.65
0.6575
0.6625
0.6825
0.7
0.7175
0.7225
0.7125
0.6925
0.675
0.6625
0.6625
0.6675
0.68
0.6975
0.715
0.72
0.72
0.72
0.715
0.705
0.69
0.6825
0.6825
0.69
0.71
0.7175
0.7225
0.72
0.7125
0.7025
0.69
0.685
0.685
0.685
0.69
0.685
0.6775
0.67
0.675
0.685
0.7
0.715
0.725
0.7275
0.715
0.685
0.6675
0.635
0.6175
0.605
0.5875
0.57
0.5425
0.51
0.485
0.4675
0.4625
0.4675
0.4725
0.4725
0.47
0.4625
0.465
0.5175
0.5425
0.58
0.61
0.6325
0.6475
0.665
0.665
0.6625
0.655
0.665
0.685
0.71
0.73
0.7475
0.755
0.7575
0.755
0.75
0.755
0.7625
0.77
0.785
0.8075
0.8325
0.855
0.87
0.8775
0.875
0.87
0.8625
0.8525
0.85
0.86
0.88
0.89
0.8925
0.9
0.905
0.9175
0.93
0.9425
0.9475
0.9525
0.9575
0.96
0.9625
0.9625
0.9625
0.9625
0.9675
0.9675
0.965
0.955
0.9425
0.93
0.93
0.9325
0.935
0.935
0.935
0.935
0.945
0.9575
0.9675
0.955
0.9375
0.925
0.92
0.915
0.915
0.9175
0.92
0.9075
0.9025
0.905
0.9075
0.9025
0.8975
0.8925
0.8875
0.8875
0.885
0.87
0.865
0.86
0.84
0.8225
0.805
0.7875
0.7775
0.7775
0.7725
0.7625
0.765
0.7875
0.8025
0.8275
0.835
0.8325
0.825
0.8175
0.8025
0.7425
0.72
0.7025
0.685
0.6625
0.635
0.605
0.575
0.57
0.5675
0.575
0.57
0.565
0.5475
0.5275
0.485
0.4625
0.42
0.385
0.3625
0.3325
0.3
0.2775
0.2675
0.255
0.2525
0.25
0.2375
0.2275
0.2075
0.1875
0.165
0.15
0.145
0.1475
0.155
0.165
0.17
0.1775
0.1875
0.1975
0.205
0.2125
0.2225
0.24
0.245
0.245
0.2425
0.2425
0.2425
0.235
0.215
0.2
0.1725
0.165
0.1625
0.16
0.145
0.1325
0.1325
0.135
0.1425
0.1425
0.1325
0.115
0.095
0.0775
0.0725
0.0625
0.0525
0.0375
0.0325
0.025
0.025
0.0275
0.035
0.0375
0.06
0.0875
0.1175
0.1425
0.165
0.18
0.1875
0.1975
0.2025
0.2075
0.21
0.2175
0.22
0.2375
0.26
0.2875
0.31
0.335
0.3525
0.375
0.3925
0.395
0.395
0.395
0.3975
0.3975
0.3925
0.39
0.39
0.4
0.405
0.42
0.43
0.4425
0.4525
0.4675
0.49
0.5075
0.5125
0.5125
0.5125
0.5125
0.5125
0.5125
0.5125
0.515
0.5125
0.5175
0.5275
0.5375
0.55
0.5575
0.565
0.57
0.5675
0.57
0.5825
0.59
0.61
0.615
0.615
0.615
0.6175
0.62
0.625
0.625
0.625
0.6275
0.6325
0.6475
0.65
0.635
0.6125
0.58
0.565
0.5325
0.5075
0.485
0.4775
0.4725
0.47
0.4625
0.45
0.4325
0.425
0.4325
0.4625
0.4975
0.5675
0.6
0.6175
0.6325
0.64
0.65
0.6625
0.675
0.6875
0.695
0.7
0.715
0.7375
0.765
0.795
0.8075
0.8175
0.82
0.8175
0.815
0.8175
0.8325
0.8525
0.855
0.865
0.87
0.8775
0.8875
0.8975
0.9175
0.9225
0.9125
0.8775
0.8575
0.8325
0.79
0.76
0.735
0.7175
0.7025
0.69
0.68
0.675
0.675
0.6775
0.6825
0.6925
0.6975
0.685
0.6625
0.645
0.6175
0.6075
0.6025
0.5975
0.595
0.6
0.6125
0.625
0.6175
0.6075
0.5775
0.5475
0.515
0.515
0.5175
0.5125
0.5
0.4825
0.4725
0.45
0.445
0.4175
0.415
0.4075
0.41
0.41
0.415
0.415
0.415
0.4175
0.42
0.3875
0.375
0.3625
0.355
0.3425
0.3275
0.2925
0.275
0.2525
0.2425
0.24
0.24
0.2425
0.255
0.265
0.2725
0.2775
0.2775
0.2725
0.265
0.2675
0.2775
0.29
0.3075
0.325
0.345
0.3575
0.375
0.405
0.415
0.4175
0.41
0.395
0.375
0.36
0.3325
0.3125
0.295
0.27
0.2575
0.2525
0.25
0.2475
0.2475
0.245
0.2475
0.2575
0.2625
0.27
0.275
0.2725
0.2575
0.2325
0.205
0.1875
0.165
0.1425
0.13
0.1175
0.115
0.115
0.115
0.115
0.11
0.11
0.11
0.115
0.12
0.13
0.1275
0.1225
0.1225
0.1325
0.14
0.1425
0.14
0.145
0.1675
0.1975
0.215
0.2225
0.2275
0.2275
0.2225
0.2075
0.1675
0.165
0.1625
0.1625
0.16
0.1525
0.1375
0.13
0.0975
0.0725
0.065
0.0725
0.0975
0.1425
0.195
0.2475
0.2975
0.3125
0.3325
0.3425
0.355
0.3725
0.41
0.4225
0.4375
0.4475
0.455
0.455
0.4525
0.455
0.465
0.48
0.495
0.5075
0.5225
0.5625
0.58
0.6
0.6225
0.6425
0.6525
0.6525
0.645
0.6375
0.625
0.6225
0.6175
0.615
0.615
0.615
0.6175
0.6325
0.635
0.655
0.665
0.67
0.675
0.675
0.67
0.6725
0.68
0.69
0.7
0.71
0.7225
0.73
0.7475
0.7525
0.7625
0.765
0.7675
0.7675
0.775
0.7875
0.805
0.8175
0.825
0.83
0.84
0.85
0.8525
0.85
0.8475
0.8425
0.8325
0.8275
0.8375
0.8525
0.87
0.885
0.9
0.9075
0.91
0.9025
0.9
0.8925
0.8925
0.89
0.8825
0.88
0.8725
0.8725
0.8775
0.8825
0.8875
0.8875
0.88
0.875
0.855
0.83
0.815
0.8075
0.7975
0.7925
0.7825
0.785
0.795
0.8075
0.82
0.8175
0.8125
0.8
0.7825
0.7775
0.7725
0.7825
0.7925
0.805
0.8225
0.8475
0.8775
0.9075
0.9225
0.9275
0.9275
0.93
0.93
0.935
0.9325
0.925
0.9175
0.91
0.9075
0.9
0.895
0.8875
0.8725
0.865
0.8475
0.8475
0.845
0.8425
0.845
0.845
0.845
0.8425
0.8375
0.835
0.835
0.84
0.84
0.8425
0.84
0.8325
0.84
0.84
0.84
0.8375
0.835
0.8325
0.83
0.83
0.83
0.825
0.82
0.815
0.8075
0.795
0.785
0.775
0.7725
0.7825
0.8075
0.835
0.8575
0.885
0.915
0.96
0.9725
0.975
0.9725
0.9725
0.97
0.975
0.98
0.9825
0.9775
0.9725
0.95
0.9375
0.885
0.87
0.8575
0.8475
0.8425
0.8325
0.82
0.8175
0.8125
0.805
0.795
0.785
0.775
0.7675
0.7625
0.7475
0.7275
0.7025
0.685
0.6525
0.6325
0.605
0.57
0.5375
0.51
0.4875
0.455
0.4125
0.375
0.34
0.31
0.29
0.27
0.2525
0.245
0.24
0.235
0.23
0.2175
0.2
0.18
0.1625
0.15
0.145
0.14
0.1325
0.12
0.1225
0.13
0.1525
0.1775
0.205
0.235
0.27
0.3
0.3275
0.34
0.3675
0.375
0.385
0.3775
0.355
0.3325
0.325
0.305
0.2725
0.2225
0.205
0.205
0.2125
0.215
0.2175
0.2225
0.225
0.2125
0.195
0.165
0.1125
0.1125
0.115
0.125
0.13
0.1375
0.16
0.1675
0.165
0.16
0.145
0.0875
0.075
0.0725
0.065
0.07
0.075
0.085
0.095
0.12
0.185
0.2225
0.2575
0.285
0.32
0.3575
0.3825
0.3925
0.3875
0.3825
0.3675
0.36
0.355
0.3575
0.37
0.39
0.4025
0.4075
0.405
0.3675
0.3475
0.325
0.27
0.2575
0.3075
0.3275
0.35
0.4075
0.4125
0.415
0.4125
0.41
0.41
0.425
0.4375
0.465
0.4975
0.5175
0.5425
0.5525
0.5675
0.5725
0.59
0.6075
0.63
0.6525
0.6675
0.675
0.6875
0.695
0.7025
0.7025
0.7
0.695
0.685
0.6775
0.675
0.6775
0.68
0.6825
0.68
0.6825
0.685
0.69
0.69
0.6925
0.6925
0.69
0.69
0.69
0.685
0.68
0.68
0.675
0.6625
0.6325
0.62
0.5925
0.58
0.565
0.555
0.545
0.545
0.545
0.55
0.5475
0.5475
0.55
0.5525
0.5575
0.5625
0.5625
0.5625
0.5625
0.5625
0.56
0.56
0.565
0.5625
0.5625
0.5625
0.5625
0.56
0.5475
0.5325
0.5125
0.505
0.5025
0.4975
0.495
0.49
0.4875
0.49
0.4925
0.495
0.495
0.4925
0.4875
0.485
0.475
0.4575
0.4625
0.47
0.505
0.5075
0.51
0.515
0.52
0.52
0.505
0.5
0.5025
0.5175
0.525
0.5375
0.5475
0.5475
0.5425
0.54
0.5425
0.5425
0.5375
0.535
0.535
0.535
0.5475
0.5675
0.5925
0.605
0.62
0.625
0.6225
0.6125
0.6025
0.59
0.5875
0.5825
0.5675
0.5425
0.4925
0.455
0.4175
0.39
0.3675
0.35
0.335
0.325
0.32
0.3175
0.3175
0.32
0.315
0.315
0.3125
0.3175
0.315
0.31
0.305
0.3
0.3
0.3
0.3
0.3
0.3
0.3
0.3
0.3
0.3
0.29
0.29
0.2875
0.285
0.28
0.2725
0.2675
0.26
0.2525
0.245
0.2375
0.2325
0.2375
0.255
0.265
0.275
0.27
0.265
0.245
0.245
0.2475
0.2575
0.27
0.285
0.285
0.275
0.2675
0.25
0.2275
0.205
0.185
0.1675
0.1525
0.1375
0.1225
0.115
0.11
0.0875
0.075
0.0625
0.04
0.03
0.0275
0.0325
0.035
0.03
0.0275
0.0275
0.03
0.0375
0.0425
0.045
0.045
0.045
0.05
0.0825
0.0925
0.0925
0.0925
0.085
0.07
0.0625
0.0575
0.0575
0.055
0.06
0.075
0.0875
0.11
0.1375
0.175
0.21
0.24
0.265
0.29
0.31
0.3175
0.3275
0.3325
0.3375
0.3425
0.3475
0.3475
0.345
0.3425
0.34
0.345
0.3475
0.3475
0.345
0.3425
0.3425
0.34
0.335
0.335
0.335
0.3375
0.34
0.345
0.345
0.3475
0.3475
0.35
0.365
0.3775
0.41
0.4425
0.47
0.4925
0.515
0.5475
0.57
0.6075
0.645
0.6625
0.705
0.715
0.7325
0.735
0.7275
0.715
0.705
0.7025
0.7075
0.7175
0.7225
0.72
0.72
0.7225
0.7225
0.725
0.7275
0.725
0.725
0.725
0.7275
0.7275
0.73
0.73
0.73
0.7225
0.72
0.72
0.7175
0.7175
0.7125
0.715
0.715
0.715
0.7125
0.715
0.71
0.7125
0.7125
0.7125
0.7125
0.705
0.7025
0.695
0.695
0.69
0.6875
0.69
0.69
0.695
0.7
0.7075
0.705
0.7
0.7
0.7
0.7
0.7075
0.71
0.7125
0.71
0.7
0.685
0.6825
0.6775
0.67
0.6675
0.67
0.6725
0.675
0.6725
0.67
0.675
0.6725
0.6675
0.66
0.66
0.6675
0.71
0.7375
0.75
0.7575
0.76
0.755
0.7425
0.6975
0.695
0.6925
0.69
0.6875
0.695
0.7
0.6975
0.7025
0.7
0.69
0.68
0.6575
0.645
0.6475
0.64
0.625
0.61
0.5975
0.6075
0.6775
0.71
0.75
0.795
0.815
0.8375
0.8375
0.83
0.8075
0.8025
0.8075
0.8225
0.8475
0.88
0.905
0.9175
0.9375
0.945
0.94
0.925
0.905
0.8875
0.8725
0.8625
0.8375
0.8125
0.79
0.7825
0.7775
0.775
0.775
0.7875
0.7975
0.7925
0.76
0.755
0.7525
0.7525
0.7525
0.7475
0.74
0.74
0.74
0.74
0.74
0.7425
0.75
0.745
0.7425
0.7425
0.74
0.74
0.7475
0.7525
0.7625
0.77
0.7725
0.7525
0.725
0.695
0.67
0.655
0.645
0.63
0.61
0.5825
0.56
0.54
0.5275
0.5175
0.525
0.5325
0.55
0.555
0.5525
0.5475
0.5425
0.5375
0.53
0.525
0.5125
0.5125
0.5125
0.5225
0.525
0.525
0.5275
0.53
0.53
0.5275
0.53
0.54
0.55
0.5675
0.6125
0.6375
0.6675
0.68
0.6875
0.6925
0.7075
0.7325
0.745
0.75
0.7575
0.7725
0.78
0.785
0.7825
0.78
0.775
0.765
0.745
0.72
0.695
0.685
0.67
0.6575
0.645
0.6375
0.6325
0.63
0.6275
0.6275
0.625
0.6225
0.62
0.6225
0.6225
0.6225
0.6225
0.59
0.535
0.5025
0.495
0.485
0.4725
0.4625
0.46
0.46
0.4475
0.4275
0.4025
0.39
0.375
0.36
0.35
0.325
0.315
0.3025
0.295
0.2675
0.2575
0.23
0.215
0.19
0.15
0.135
0.1225
0.1125
0.1
0.0925
0.085
0.08
0.0775
0.075
0.065
0.0525
0.04
0.035
0.0325
0.035
0.04
0.0525
0.0675
0.0825
0.09
0.095
0.0975
0.105
0.105
0.1025
0.1
0.0975
0.095
0.095
0.095
0.0925
0.09
0.09
0.095
0.095
0.095
0.095
0.1
0.1125
0.1475
0.165
0.1675
0.1725
0.1775
0.175
0.17
0.165
0.1625
0.16
0.1575
0.17
0.1675
0.16
0.16
0.155
0.1575
0.1575
0.1625
0.165
0.1675
0.1675
0.165
0.1625
0.165
0.17
0.165
0.165
0.1675
0.165
0.1625
0.16
0.1625
0.1725
0.185
0.1975
0.205
0.2075
0.205
0.205
0.2025
0.205
0.195
0.1725
0.15
0.13
0.1225
0.1125
0.105
0.0975
0.095
0.09
0.0875
0.0975
0.12
0.1425
0.1675
0.185
0.1925
0.2375
0.27
0.285
0.2925
0.305
0.31
0.3075
0.3
0.2925
0.2775
0.2625
0.2025
0.1475
0.125
0.0875
0.0775
0.075
0.0725
0.0675
0.0575
0.0475
0.0375
0.0325
0.0275
0.02
0.015
0.0125
0.01
0.01
0.01
0.0125
0.0175
0.025
0.045
0.05
0.0525
0.0475
0.045
0.0525
0.0675
0.09
0.11
0.135
0.1475
0.155
0.1575
0.1625
0.1575
0.1325
0.1275
0.1025
0.09
0.0825
0.085
0.0875
0.085
0.0775
0.075
0.0675
0.0675
0.08
0.085
0.0875
0.085
0.075
0.07
0.065
0.0675
0.0825
0.1175
0.165
0.195
0.2325
0.2675
0.28
0.3
0.3075
0.3225
0.345
0.3625
0.375
0.38
0.3825
0.3875
0.395
0.405
0.415
0.43
0.4425
0.455
0.46
0.4675
0.475
0.4875
0.5075
0.525
0.545
0.555
0.565
0.57
0.5675
0.57
0.575
0.61
0.6125
0.615
0.6225
0.615
0.5875
0.58
0.5875
0.6
0.6125
0.625
0.65
0.685
0.7125
0.7375
0.7575
0.7825
0.8025
0.8175
0.83
0.8375
0.85
0.8625
0.875
0.8875
0.895
0.905
0.9125
0.92
0.92
0.9225
0.9225
0.92
0.925
0.925
0.93
0.95
0.96
0.965
0.9625
0.95
0.9425
0.925
0.9175
0.92
0.92
0.9175
0.9125
0.9125
0.915
0.92
0.925
0.93
0.9375
0.945
0.9525
0.9575
0.95
0.945
0.9625
0.96
0.9625
0.965
0.955
0.955
0.95
0.9525
0.955
0.955
0.9625
0.96
0.955
0.955
0.9575
0.9575
0.96
0.9625
0.96
0.9525
0.9475
0.9525
0.9575
0.955
0.945
0.935
0.935
0.9375
0.945
0.945
0.9525
0.9575
0.955
0.9525
0.9475
0.9475
0.945
0.9425
0.94
0.93
0.9175
0.9175
0.9025
0.8925
0.89
0.8875
0.8875
0.8875
0.8875
0.8875
0.8875
0.8875
0.885
0.8825
0.875
0.8625
0.855
0.855
0.855
0.855
0.8425
0.83
0.8075
0.795
0.785
0.7825
0.7825
0.7825
0.785
0.7925
0.7925
0.7875
0.7825
0.7675
0.7625
0.7575
0.7475
0.7425
0.735
0.7275
0.7175
0.7125
0.7075
0.7025
0.7025
0.7
0.69
0.685
0.6625
0.6425
0.6225
0.595
0.57
0.54
0.5125
0.49
0.465
0.4325
0.4175
0.395
0.3725
0.355
0.3325
0.31
0.29
0.2775
0.2725
0.2675
0.2625
0.2575
0.2525
0.25
0.2575
0.2675
0.28
0.2875
0.2875
0.2875
0.29
0.29
0.2925
0.295
0.3
0.3025
0.295
0.275
0.2475
0.22
0.2
0.1775
0.1575
0.14
0.1325
0.13
0.115
0.095
0.08
0.0675
0.0625
0.065
0.065
0.065
0.0575
0.0525
0.0525
0.0575
0.0725
0.08
0.0925
0.095
0.0975
0.1025
0.1125
0.125
0.1375
0.1525
0.17
0.1875
0.2125
0.2425
0.265
0.2925
0.3075
0.32
0.3225
0.3275
0.3275
0.33
0.33
0.33
0.33
0.33
0.33
0.33
0.33
0.33
0.33
0.33
0.33
0.33
0.325
0.3225
0.3325
0.3425
0.3575
0.3725
0.39
0.4125
0.4425
0.4775
0.5125
0.5425
0.56
0.5725
0.58
0.585
0.585
0.585
0.59
0.6
0.615
0.63
0.655
0.68
0.6925
0.705
0.7075
0.7025
0.695
0.6875
0.69
0.6975
0.715
0.735
0.7525
0.76
0.7675
0.775
0.79
0.81
0.8275
0.855
0.8775
0.8975
0.915
0.9275
0.9425
0.9425
0.955
0.97
0.985
0.995
1
0.995
0.98
0.985
0.98
0.975
0.9725
0.97
0.9725
0.97
0.975
0.975
0.9775
0.975
0.9775
0.9775
0.975
0.9725
0.975
0.98
0.9625
0.9525
0.96
0.97
0.9725
0.9625
0.955
0.9625
0.9625
0.9575
0.9425
0.9325
0.9175
0.9125
0.9075
0.9075
0.9125
0.905
0.93
0.9425
